# step           OCL           OBL   coupled_OBL uncoupled_OBL
     1          0.00          1.34          0.00          1.34
     2         10.93          1.42          0.00          1.42
     3         20.45          0.10          0.00          0.10
     4         23.51          0.03          0.00          0.03
     5         23.82          0.05          0.02          0.03
     6         24.62          0.08          0.03          0.05
     7         24.63          0.08          0.05          0.03
     8         23.73          0.20          0.15          0.05
     9         21.08          0.30          0.27          0.03
    10         19.32          0.61          0.59          0.02
    11         18.25          0.93          0.91          0.02
    12         18.48          1.28          1.27          0.02
    13         17.83          1.72          1.69          0.03
    14         18.20          2.08          2.01          0.07
    15         18.03          2.37          2.27          0.10
    16         16.99          2.68          2.59          0.08
    17         16.58          3.12          3.05          0.07
    18         15.23          3.80          3.68          0.12
    19         15.41          4.33          4.23          0.10
    20         15.96          4.72          4.62          0.10
    21         15.63          5.27          5.19          0.09
    22         13.67          5.74          5.67          0.07
    23         12.51          6.30          6.24          0.07
    24         12.75          6.96          6.90          0.07
    25         12.75          7.89          7.84          0.05
    26         12.54          8.79          8.74          0.05
    27         11.49          9.59          9.54          0.05
    28         11.60         10.67         10.61          0.07
    29         10.78         11.82         11.77          0.05
    30          9.83         13.20         13.08          0.12
    31         10.25         14.43         14.28          0.15
    32          8.84         15.71         15.58          0.14
    33          7.99         16.71         16.66          0.05
    34          8.39         17.75         17.70          0.05
    35          9.15         18.90         18.85          0.05
    36          8.72         19.92         19.84          0.09
    37          7.16         20.85         20.79          0.07
    38          6.09         21.90         21.79          0.10
    39          6.46         23.21         23.07          0.14
    40          6.57         24.15         24.01          0.14
    41          6.44         24.93         24.81          0.12
    42          6.65         25.56         25.43          0.14
    43          5.71         26.09         25.93          0.15
    44          4.88         26.26         26.11          0.15
    45          4.71         26.64         26.47          0.17
    46          4.35         26.75         26.53          0.22
    47          4.13         27.02         26.75          0.28
    48          3.68         26.55         26.26          0.29
    49          3.84         26.77         26.50          0.27
    50          3.65         26.03         25.70          0.33
    51          3.67         25.62         25.31          0.31
    52          3.79         25.48         25.14          0.34
    53          3.27         24.76         24.43          0.33
    54          3.63         24.66         24.28          0.38
    55          4.41         23.95         23.49          0.46
    56          3.62         23.33         22.77          0.56
    57          3.21         22.54         22.03          0.51
    58          4.39         21.77         21.29          0.48
    59          4.27         21.62         21.22          0.39
    60          4.89         20.74         20.30          0.44
    61          4.89         19.84         19.38          0.46
    62          4.70         19.30         18.84          0.46
    63          5.07         18.50         18.11          0.39
    64          5.20         18.00         17.70          0.31
    65          5.23         17.53         17.25          0.27
    66          6.44         16.59         16.29          0.31
    67          7.39         15.74         15.43          0.31
    68          7.10         15.40         15.09          0.31
    69          6.49         15.20         14.90          0.31
    70          7.29         14.66         14.43          0.22
    71          7.44         14.36         14.19          0.17
    72          8.02         13.76         13.57          0.19
    73          8.01         13.54         13.37          0.17
    74          8.77         13.42         13.28          0.14
    75          8.43         13.24         13.07          0.17
    76          8.27         13.05         12.93          0.12
    77          8.63         12.92         12.78          0.14
    78          8.68         12.92         12.73          0.19
    79          8.10         13.14         12.92          0.22
    80          7.94         12.82         12.65          0.17
    81          7.54         12.75         12.59          0.15
    82          7.92         12.84         12.66          0.17
    83          8.18         12.89         12.72          0.17
    84          7.64         12.79         12.67          0.12
    85          7.08         12.96         12.84          0.12
    86          4.79         14.01         13.82          0.19
    87          2.37         15.51         15.23          0.27
    88          0.89         16.66         16.28          0.38
    89          0.50         18.13         17.65          0.48
    90          0.17         19.80         19.25          0.55
    91          0.12         21.23         20.61          0.62
    92          0.00         22.33         21.71          0.62
    93          0.03         23.50         23.04          0.46
    94          0.00         25.09         24.49          0.60
    95          0.00         26.30         25.61          0.68
    96          0.00         27.18         26.53          0.65
    97          0.00         28.12         27.52          0.60
    98          0.00         27.68         27.06          0.62
    99          0.00         28.05         27.28          0.77
   100          0.00         27.90         27.11          0.79
   101          0.00         27.65         26.95          0.70
   102          0.00         27.33         26.67          0.67
   103          0.00         26.97         26.15          0.82
   104          0.00         26.26         25.30          0.95
   105          0.00         25.20         24.19          1.01
   106          0.00         24.40         23.00          1.40
   107          0.00         22.32         20.72          1.60
   108          0.00         20.66         19.11          1.55
   109          0.00         19.08         17.46          1.62
   110          0.00         18.36         16.35          2.01
   111          0.00         17.57         15.39          2.18
   112          0.00         15.35         13.46          1.89
   113          0.00         13.34         11.52          1.82
   114          0.00         12.12         10.11          2.01
   115          0.00         11.79          9.70          2.09
   116          0.00         10.94          9.02          1.92
   117          0.00          9.97          7.78          2.19
   118          0.00          8.61          6.32          2.29
   119          0.00          7.65          5.52          2.12
   120          0.00          6.88          4.86          2.02
   121          0.00          6.73          4.45          2.28
   122          0.00          6.30          3.74          2.57
   123          0.00          6.00          3.57          2.43
   124          0.00          5.86          3.30          2.57
   125          0.00          5.34          2.80          2.53
   126          0.00          5.15          2.56          2.58
   127          0.00          4.84          2.23          2.62
   128          0.00          4.55          2.21          2.34
   129          0.00          4.16          1.89          2.28
   130          0.00          4.26          1.63          2.63
   131          0.00          4.11          1.63          2.48
   132          0.07          3.89          1.41          2.48
   133          0.08          4.09          1.39          2.70
   134          0.00          3.87          1.27          2.60
   135          0.00          3.80          1.46          2.34
   136          0.00          3.63          1.39          2.24
   137          0.00          3.56          1.24          2.33
   138          0.00          3.63          1.07          2.56
   139          0.00          3.39          1.07          2.32
   140          0.05          3.33          1.02          2.31
   141          0.05          3.19          0.81          2.38
   142          0.05          3.00          0.66          2.34
   143          0.00          3.31          0.83          2.48
   144          0.08          3.53          0.90          2.63
   145          0.08          3.24          0.80          2.44
   146          0.07          3.42          0.90          2.53
   147          0.08          3.21          0.83          2.37
   148          0.00          2.85          0.66          2.19
   149          0.00          2.97          0.54          2.42
   150          0.07          2.83          0.51          2.32
   151          0.07          2.80          0.42          2.37
   152          0.07          3.09          0.42          2.66
   153          0.00          3.25          0.44          2.81
   154          0.02          3.20          0.51          2.69
   155          0.02          3.10          0.53          2.58
   156          0.02          2.80          0.47          2.32
   157          0.00          2.68          0.36          2.32
   158          0.05          2.70          0.36          2.34
   159          0.05          2.85          0.44          2.41
   160          0.00          3.02          0.44          2.58
   161          0.00          2.71          0.41          2.31
   162          0.05          2.68          0.34          2.34
   163          0.20          3.05          0.36          2.69
   164          0.17          2.87          0.34          2.53
   165          0.10          2.70          0.22          2.47
   166          0.08          2.71          0.27          2.44
   167          0.00          2.64          0.25          2.39
   168          0.00          2.97          0.27          2.70
   169          0.15          2.80          0.34          2.46
   170          0.22          2.81          0.34          2.47
   171          0.10          2.66          0.29          2.37
   172          0.10          2.66          0.29          2.37
   173          0.17          2.83          0.25          2.58
   174          0.32          2.56          0.19          2.37
   175          0.31          2.54          0.20          2.34
   176          0.58          2.56          0.19          2.37
   177          0.46          2.47          0.19          2.29
   178          0.47          2.39          0.20          2.19
   179          0.41          2.48          0.27          2.20
   180          0.34          2.63          0.32          2.31
   181          0.46          2.88          0.36          2.53
   182          0.70          2.90          0.37          2.53
   183          0.58          2.83          0.42          2.41
   184          0.42          2.92          0.41          2.51
   185          0.59          3.21          0.54          2.66
   186          0.47          2.92          0.47          2.44
   187          0.31          2.88          0.44          2.44
   188          0.41          3.17          0.47          2.70
   189          0.44          2.71          0.47          2.24
   190          0.47          2.90          0.53          2.37
   191          0.46          3.05          0.51          2.54
   192          0.39          2.68          0.61          2.07
   193          0.41          2.88          0.71          2.17
   194          0.64          2.87          0.71          2.15
   195          0.80          3.09          0.81          2.27
   196          0.68          3.07          0.93          2.14
   197          0.36          3.10          1.02          2.09
   198          0.56          3.41          1.09          2.32
   199          0.73          3.41          1.10          2.31
   200          0.78          3.44          1.17          2.27
   201          0.85          3.66          1.19          2.47
   202          1.09          3.68          1.14          2.54
   203          1.07          3.51          1.10          2.41
   204          0.98          3.59          1.15          2.44
   205          0.78          3.61          1.17          2.44
   206          1.02          3.56          1.19          2.37
   207          1.09          3.61          1.31          2.31
   208          1.49          3.46          1.34          2.12
   209          1.46          3.48          1.46          2.02
   210          0.86          3.53          1.56          1.97
   211          1.10          3.46          1.61          1.85
   212          1.41          3.61          1.68          1.93
   213          1.17          3.78          1.73          2.05
   214          0.61          3.59          1.66          1.93
   215          0.73          3.58          1.66          1.92
   216          1.07          3.83          1.71          2.12
   217          1.31          3.44          1.59          1.85
   218          1.37          3.22          1.54          1.68
   219          1.49          3.41          1.54          1.86
   220          1.73          3.53          1.75          1.78
   221          1.34          3.70          2.07          1.63
   222          1.19          4.05          2.10          1.95
   223          1.37          4.02          2.07          1.95
   224          1.59          3.81          2.07          1.75
   225          1.53          4.22          2.32          1.90
   226          1.12          4.17          2.49          1.68
   227          1.31          4.04          2.61          1.42
   228          1.75          4.39          2.71          1.68
   229          1.88          4.75          2.85          1.90
   230          1.56          4.86          2.95          1.91
   231          1.59          5.40          3.30          2.10
   232          1.93          5.25          3.22          2.03
   233          1.91          5.13          3.08          2.05
   234          2.08          5.20          3.10          2.10
   235          1.75          4.73          2.83          1.90
   236          1.93          4.88          3.00          1.88
   237          2.37          4.52          2.93          1.59
   238          2.05          4.34          2.87          1.48
   239          1.88          4.51          3.00          1.51
   240          1.90          4.87          3.28          1.60
   241          1.88          5.28          3.50          1.78
   242          1.95          5.63          3.75          1.88
   243          2.31          5.60          3.89          1.72
   244          2.12          5.28          3.77          1.51
   245          2.04          5.58          3.82          1.77
   246          1.65          6.09          4.02          2.07
   247          1.85          6.02          4.14          1.88
   248          2.04          5.97          4.01          1.97
   249          1.88          5.72          4.14          1.58
   250          1.58          5.51          4.12          1.39
   251          1.34          5.61          4.14          1.48
   252          2.05          5.87          4.43          1.44
   253          2.36          5.84          4.60          1.24
   254          2.38          6.36          4.77          1.60
   255          2.44          6.48          4.92          1.56
   256          2.51          6.48          5.21          1.27
   257          2.71          6.91          5.43          1.48
   258          2.61          6.68          5.53          1.15
   259          2.55          6.96          5.57          1.39
   260          2.07          7.06          5.58          1.48
   261          1.76          6.92          5.53          1.39
   262          2.17          7.09          5.62          1.48
   263          2.67          7.01          5.58          1.43
   264          2.60          7.05          5.60          1.44
   265          2.09          7.26          5.59          1.67
   266          1.87          7.54          5.78          1.77
   267          0.87          7.87          5.90          1.97
   268          0.34          8.60          6.15          2.45
   269          0.19          8.92          6.59          2.33
   270          0.10          8.99          6.95          2.04
   271          0.10          9.30          6.76          2.53
   272          0.00          9.72          6.90          2.82
   273          0.00          8.80          6.74          2.06
   274          0.00          8.31          6.30          2.00
   275          0.00          8.48          5.98          2.50
   276          0.00          8.25          5.81          2.45
   277          0.00          7.76          5.47          2.29
   278          0.00          8.07          5.76          2.31
   279          0.00          8.44          5.83          2.62
   280          0.00          8.62          5.91          2.70
   281          0.00          8.18          5.83          2.35
   282          0.00          7.43          5.35          2.07
   283          0.00          7.65          5.11          2.53
   284          0.00          7.96          4.98          2.97
   285          0.00          7.38          4.61          2.77
   286          0.00          6.99          4.23          2.75
   287          0.00          7.04          4.16          2.87
   288          0.00          6.44          3.77          2.67
   289          0.00          5.80          3.37          2.43
   290          0.00          5.25          2.87          2.38
   291          0.00          5.36          2.81          2.55
   292          0.00          5.03          2.57          2.47
   293          0.00          5.03          2.36          2.67
   294          0.00          5.13          2.28          2.86
   295          0.00          4.74          2.18          2.57
   296          0.00          4.54          2.01          2.53
   297          0.00          4.27          1.46          2.81
   298          0.00          3.93          1.26          2.67
   299          0.00          3.69          1.05          2.64
   300          0.00          4.05          1.09          2.96
   301          0.00          3.81          1.04          2.77
   302          0.00          3.37          0.87          2.50
   303          0.00          3.11          0.63          2.49
   304          0.00          3.10          0.60          2.50
   305          0.00          3.30          0.63          2.67
   306          0.00          3.06          0.51          2.55
   307          0.00          3.34          0.53          2.81
   308          0.00          3.37          0.41          2.96
   309          0.00          3.32          0.43          2.89
   310          0.00          3.06          0.36          2.71
   311          0.00          3.20          0.46          2.74
   312          0.00          3.27          0.43          2.84
   313          0.00          2.74          0.31          2.43
   314          0.00          2.64          0.24          2.40
   315          0.00          2.71          0.19          2.52
   316          0.00          2.93          0.20          2.72
   317          0.00          3.08          0.22          2.86
   318          0.00          3.08          0.24          2.84
   319          0.00          3.05          0.31          2.74
   320          0.00          2.66          0.27          2.38
   321          0.00          2.69          0.20          2.49
   322          0.00          2.69          0.19          2.51
   323          0.00          2.74          0.24          2.50
   324          0.00          2.90          0.19          2.71
   325          0.00          2.69          0.12          2.57
   326          0.00          2.97          0.09          2.88
   327          0.00          3.07          0.10          2.96
   328          0.00          2.91          0.20          2.71
   329          0.00          2.81          0.20          2.61
   330          0.00          2.91          0.10          2.81
   331          0.00          2.86          0.07          2.79
   332          0.00          2.56          0.14          2.42
   333          0.00          2.73          0.15          2.57
   334          0.00          2.78          0.14          2.64
   335          0.00          2.83          0.14          2.69
   336          0.09          3.05          0.10          2.95
   337          0.14          2.74          0.12          2.62
   338          0.14          2.69          0.12          2.57
   339          0.05          2.69          0.12          2.57
   340          0.05          2.68          0.07          2.61
   341          0.05          2.68          0.03          2.64
   342          0.00          2.66          0.02          2.64
   343          0.00          3.03          0.09          2.95
   344          0.00          3.00          0.15          2.85
   345          0.05          2.74          0.12          2.63
   346          0.07          2.47          0.07          2.40
   347          0.00          2.62          0.05          2.57
   348          0.05          3.10          0.14          2.97
   349          0.14          3.19          0.14          3.05
   350          0.22          3.25          0.07          3.19
   351          0.09          3.31          0.09          3.22
   352          0.02          2.83          0.09          2.74
   353          0.02          2.66          0.03          2.62
   354          0.10          2.90          0.07          2.83
   355          0.10          3.10          0.15          2.95
   356          0.00          3.15          0.19          2.96
   357          0.00          2.83          0.12          2.71
   358          0.09          2.83          0.09          2.74
   359          0.09          3.03          0.05          2.98
   360          0.05          3.07          0.10          2.97
   361          0.05          3.22          0.12          3.10
   362          0.07          3.22          0.14          3.08
   363          0.15          2.81          0.17          2.64
   364          0.15          2.71          0.15          2.56
   365          0.17          2.66          0.12          2.54
   366          0.09          3.05          0.15          2.90
   367          0.17          3.12          0.15          2.96
   368          0.19          2.78          0.12          2.66
   369          0.07          2.73          0.15          2.57
   370          0.29          2.52          0.19          2.33
   371          0.32          2.45          0.17          2.28
   372          0.36          2.49          0.15          2.33
   373          0.46          2.30          0.20          2.09
   374          0.49          2.66          0.15          2.50
   375          0.70          3.13          0.17          2.96
   376          0.60          2.86          0.20          2.65
   377          0.46          2.84          0.15          2.69
   378          0.46          2.93          0.15          2.77
   379          0.43          2.91          0.22          2.69
   380          0.70          2.84          0.31          2.54
   381          0.99          2.98          0.37          2.61
   382          1.00          2.98          0.36          2.62
   383          0.97          3.15          0.37          2.77
   384          0.73          3.22          0.48          2.74
   385          0.83          3.08          0.54          2.54
   386          0.78          3.10          0.63          2.47
   387          0.82          2.94          0.66          2.28
   388          0.75          3.00          0.72          2.28
   389          0.73          3.35          0.70          2.66
   390          0.66          3.51          0.89          2.62
   391          0.85          3.30          0.90          2.40
   392          0.63          3.44          0.95          2.49
   393          0.51          3.66          1.06          2.60
   394          0.56          3.57          1.09          2.48
   395          0.75          3.42          0.99          2.43
   396          0.92          3.50          1.07          2.43
   397          1.02          3.62          1.09          2.54
   398          1.24          3.76          1.17          2.59
   399          1.16          3.34          1.14          2.20
   400          0.97          3.30          1.11          2.20
   401          1.23          3.91          1.43          2.49
   402          1.28          3.83          1.40          2.43
   403          1.04          3.74          1.45          2.30
   404          1.12          4.02          1.75          2.26
   405          1.05          4.07          1.75          2.31
   406          0.80          4.20          1.96          2.25
   407          0.73          4.22          2.08          2.15
   408          0.63          4.51          2.30          2.21
   409          0.68          4.16          2.16          1.99
   410          0.89          3.97          2.06          1.91
   411          1.07          4.12          2.03          2.10
   412          1.16          4.13          2.05          2.08
   413          1.40          4.22          2.23          1.99
   414          1.28          4.29          2.32          1.98
   415          1.02          4.16          2.20          1.96
   416          1.36          4.55          2.37          2.18
   417          1.60          4.75          2.50          2.25
   418          1.86          4.87          2.45          2.42
   419          1.86          4.75          2.50          2.25
   420          2.13          4.39          2.62          1.77
   421          2.40          4.63          2.64          1.99
   422          2.18          4.66          2.76          1.91
   423          2.33          4.39          2.65          1.74
   424          1.91          4.83          2.86          1.97
   425          1.82          4.70          2.79          1.91
   426          2.23          4.63          2.71          1.92
   427          2.02          4.92          2.89          2.02
   428          1.43          5.06          3.08          1.97
   429          1.31          5.50          3.42          2.08
   430          1.80          5.67          3.73          1.94
   431          2.19          5.56          3.78          1.79
   432          2.42          5.70          3.84          1.85
   433          2.74          5.51          3.74          1.77
   434          2.52          5.31          3.71          1.60
   435          2.54          5.70          3.98          1.72
   436          3.05          5.81          4.00          1.81
   437          3.19          5.31          3.87          1.45
   438          2.91          5.40          3.85          1.55
   439          2.28          6.15          4.15          1.99
   440          2.25          6.60          4.51          2.09
   441          1.87          6.59          4.68          1.91
   442          2.35          6.11          4.44          1.67
   443          2.42          6.28          4.58          1.70
   444          2.45          6.32          4.67          1.65
   445          2.71          6.62          4.94          1.69
   446          2.83          6.83          4.90          1.92
   447          3.12          6.68          4.91          1.77
   448          2.76          7.06          5.03          2.03
   449          2.25          7.23          5.22          2.01
   450          2.05          6.97          5.27          1.71
   451          1.86          7.28          5.64          1.64
   452          1.94          7.28          5.66          1.62
   453          2.20          7.69          6.04          1.65
   454          2.03          8.20          6.36          1.84
   455          1.89          8.06          6.43          1.64
   456          2.75          8.26          6.62          1.64
   457          2.82          8.12          6.47          1.66
   458          2.41          8.19          6.69          1.50
   459          2.71          8.19          6.72          1.47
   460          2.82          8.05          6.52          1.54
   461          2.54          8.38          6.79          1.59
   462          2.47          8.55          7.01          1.54
   463          2.34          8.98          7.43          1.55
   464          2.44          8.59          7.24          1.35
   465          2.36          8.35          6.91          1.43
   466          2.19          8.47          6.95          1.52
   467          2.49          8.42          7.17          1.25
   468          2.80          8.31          7.08          1.23
   469          2.41          8.57          7.12          1.45
   470          2.20          8.55          7.10          1.45
   471          2.05          8.58          7.07          1.50
   472          1.98          8.85          7.28          1.57
   473          2.51          8.42          7.16          1.26
   474          3.11          8.62          7.32          1.30
   475          3.33          8.72          7.34          1.39
   476          2.99          8.62          7.32          1.30
   477          3.51          8.89          7.37          1.52
   478          3.59          8.73          7.37          1.37
   479          3.12          8.69          7.53          1.16
   480          3.31          8.49          7.24          1.25
   481          3.23          8.17          7.00          1.16
   482          3.74          8.26          7.04          1.21
   483          3.52          8.17          6.99          1.18
   484          3.13          8.40          7.27          1.13
   485          3.33          8.67          7.30          1.37
   486          2.81          8.82          7.55          1.27
   487          3.05          8.74          7.43          1.32
   488          3.13          8.81          7.37          1.44
   489          2.96          9.01          7.66          1.35
   490          3.34          9.21          7.91          1.30
   491          3.30          9.11          7.72          1.39
   492          3.35          9.41          7.94          1.47
   493          3.75          9.32          7.94          1.39
   494          3.88          9.39          8.06          1.33
   495          3.23          9.50          8.21          1.30
   496          2.89          9.74          8.51          1.23
   497          3.50         10.20          8.85          1.35
   498          3.40         10.41          9.11          1.30
   499          3.57         10.75          9.49          1.26
   500          3.50         11.04          9.88          1.16
   501          2.89         10.63          9.63          1.01
   502          2.98         10.60          9.75          0.85
   503          3.18         10.71          9.80          0.91
   504          2.68         10.92         10.09          0.84
   505          3.09         11.28         10.32          0.96
   506          3.11         11.84         10.68          1.16
   507          3.45         12.04         10.83          1.21
   508          3.33         12.18         11.03          1.14
   509          3.59         12.11         11.00          1.11
   510          4.17         11.94         10.76          1.18
   511          4.02         11.88         10.87          1.01
   512          3.62         11.76         10.92          0.84
   513          3.57         12.12         11.16          0.96
   514          4.05         12.27         11.26          1.01
   515          3.81         12.32         11.36          0.96
   516          3.33         12.58         11.62          0.96
   517          2.97         12.79         11.85          0.94
   518          3.54         12.78         11.86          0.92
   519          3.35         12.74         11.88          0.85
   520          3.20         12.74         11.78          0.96
   521          3.52         12.50         11.58          0.92
   522          3.26         12.58         11.50          1.08
   523          3.98         12.50         11.44          1.06
   524          3.92         13.02         11.92          1.09
   525          4.02         13.09         12.11          0.98
   526          3.73         12.67         11.83          0.84
   527          3.85         12.69         11.74          0.94
   528          4.04         12.71         11.72          0.99
   529          3.75         12.52         11.63          0.89
   530          3.08         12.62         11.69          0.92
   531          3.10         12.49         11.72          0.77
   532          3.49         12.75         11.96          0.79
   533          3.83         13.20         12.24          0.96
   534          4.18         13.18         12.29          0.89
   535          3.80         13.29         12.39          0.91
   536          3.63         13.83         12.98          0.85
   537          3.47         13.81         12.92          0.89
   538          3.32         14.11         13.09          1.03
   539          3.46         14.27         13.36          0.91
   540          3.29         14.22         13.44          0.79
   541          3.15         14.54         13.67          0.87
   542          3.30         14.57         13.61          0.96
   543          3.26         14.47         13.62          0.85
   544          3.14         14.39         13.51          0.87
   545          2.99         14.47         13.53          0.94
   546          3.28         14.17         13.29          0.89
   547          3.16         14.19         13.35          0.84
   548          3.35         14.63         13.76          0.87
   549          4.17         14.98         13.97          1.01
   550          4.01         14.04         13.08          0.96
   551          3.50         13.95         13.13          0.82
   552          3.58         13.87         13.05          0.82
   553          3.70         14.00         13.18          0.82
   554          3.50         14.05         13.24          0.82
   555          3.89         13.58         12.81          0.77
   556          3.82         13.11         12.36          0.75
   557          4.01         13.21         12.56          0.65
   558          3.43         13.00         12.39          0.61
   559          3.00         13.02         12.33          0.70
   560          3.09         12.77         12.05          0.72
   561          3.96         12.69         11.98          0.72
   562          4.79         12.50         11.87          0.63
   563          4.78         12.60         12.06          0.55
   564          4.61         12.52         12.01          0.51
   565          3.94         12.31         11.68          0.63
   566          4.18         12.51         11.87          0.65
   567          4.47         12.48         11.83          0.65
   568          4.65         12.29         11.73          0.56
   569          3.74         12.49         11.93          0.56
   570          3.43         12.55         12.08          0.48
   571          4.64         11.84         11.50          0.34
   572          4.79         12.39         11.89          0.49
   573          4.64         12.67         12.04          0.63
   574          5.12         12.72         12.12          0.60
   575          4.66         12.93         12.33          0.60
   576          3.67         13.04         12.41          0.63
   577          3.40         13.03         12.35          0.68
   578          3.87         12.90         12.24          0.67
   579          4.64         12.57         12.02          0.55
   580          3.63         12.76         12.18          0.58
   581          3.39         12.77         12.17          0.60
   582          3.79         12.84         12.33          0.51
   583          4.04         12.79         12.22          0.56
   584          3.51         12.93         12.40          0.53
   585          4.31         13.41         12.86          0.55
   586          4.41         13.85         13.19          0.66
   587          4.26         13.79         13.23          0.56
   588          3.75         13.89         13.34          0.55
   589          3.44         14.18         13.63          0.55
   590          3.37         13.86         13.33          0.53
   591          3.39         14.43         13.93          0.49
   592          3.66         14.54         14.04          0.49
   593          3.82         14.58         14.09          0.49
   594          3.72         14.57         14.16          0.41
   595          4.08         15.02         14.49          0.53
   596          4.07         15.14         14.59          0.55
   597          3.67         14.88         14.41          0.48
   598          3.21         15.07         14.42          0.65
   599          3.04         14.69         13.98          0.72
   600          3.91         14.48         13.87          0.61
   601          3.72         13.99         13.54          0.44
   602          3.53         13.64         13.22          0.43
   603          2.90         13.85         13.41          0.44
   604          3.05         13.69         13.29          0.41
   605          3.10         13.95         13.58          0.37
   606          3.31         14.09         13.75          0.34
   607          3.56         14.02         13.61          0.41
   608          3.82         13.84         13.39          0.44
   609          4.07         13.70         13.24          0.46
   610          3.99         13.91         13.45          0.46
   611          3.24         13.88         13.46          0.43
   612          2.78         13.63         13.17          0.46
   613          2.60         13.44         12.92          0.51
   614          2.90         13.35         12.75          0.60
   615          3.06         13.07         12.54          0.53
   616          2.82         13.29         12.68          0.62
   617          2.97         12.75         12.13          0.62
   618          3.14         12.68         12.03          0.65
   619          3.06         12.11         11.43          0.68
   620          2.80         12.11         11.55          0.56
   621          2.80         12.13         11.70          0.43
   622          3.38         12.19         11.71          0.48
   623          3.28         12.17         11.71          0.46
   624          3.00         11.87         11.35          0.51
   625          2.78         11.83         11.29          0.55
   626          3.04         11.80         11.31          0.50
   627          3.59         11.69         11.16          0.53
   628          4.34         11.67         11.23          0.44
   629          4.32         11.37         10.99          0.38
   630          4.29         11.01         10.65          0.36
   631          3.40         10.74         10.43          0.31
   632          2.97         10.91         10.58          0.32
   633          3.32         10.74         10.43          0.31
   634          3.26         10.32         10.08          0.24
   635          3.28         10.56         10.30          0.26
   636          3.57         10.37         10.13          0.24
   637          3.35         10.52         10.26          0.26
   638          3.57         10.21          9.94          0.27
   639          3.45          9.74          9.53          0.20
   640          3.18         10.01          9.75          0.26
   641          2.68         10.45         10.14          0.31
   642          2.97         10.52         10.17          0.34
   643          3.52         10.59         10.16          0.43
   644          3.33         10.41         10.09          0.32
   645          3.01         10.30         10.03          0.27
   646          3.02         10.88         10.57          0.31
   647          3.69         10.92         10.64          0.27
   648          3.25         10.60         10.38          0.22
   649          2.65         10.17          9.92          0.26
   650          2.43         10.23          9.95          0.27
   651          3.85         10.31         10.06          0.26
   652          3.95         10.28          9.97          0.31
   653          3.15         10.66         10.32          0.34
   654          3.05         10.60         10.22          0.38
   655          2.69         10.60         10.33          0.27
   656          2.64         10.76         10.57          0.19
   657          2.71         10.61         10.40          0.21
   658          2.66         10.52         10.30          0.22
   659          2.87         10.26         10.07          0.19
   660          3.19         10.07          9.85          0.22
   661          2.78         10.31         10.09          0.22
   662          2.13         10.05          9.79          0.26
   663          2.64          9.87          9.57          0.29
   664          2.21          9.54          9.33          0.21
   665          2.21          9.92          9.66          0.26
   666          1.97          9.80          9.58          0.22
   667          1.90          9.59          9.45          0.14
   668          2.86          9.46          9.25          0.21
   669          3.43          9.75          9.48          0.27
   670          3.84          9.77          9.56          0.21
   671          3.58          9.72          9.60          0.12
   672          2.80          9.59          9.45          0.14
   673          2.80          9.70          9.53          0.17
   674          2.63          9.44          9.24          0.21
   675          2.77          9.21          9.04          0.17
   676          3.13          8.81          8.62          0.19
   677          2.61          8.85          8.59          0.26
   678          1.99          8.54          8.31          0.22
   679          1.94          8.60          8.43          0.17
   680          1.51          8.50          8.33          0.17
   681          1.15          8.40          8.26          0.14
   682          1.20          8.24          8.07          0.17
   683          1.56          8.33          8.14          0.19
   684          2.25          7.93          7.79          0.14
   685          1.92          7.48          7.29          0.19
   686          1.94          7.43          7.24          0.19
   687          2.50          7.38          7.14          0.24
   688          2.26          7.43          7.24          0.19
   689          2.74          7.05          6.88          0.17
   690          2.54          6.91          6.76          0.15
   691          2.30          6.95          6.76          0.19
   692          1.99          6.97          6.78          0.19
   693          2.45          6.59          6.47          0.12
   694          3.02          6.80          6.68          0.12
   695          2.53          6.67          6.55          0.12
   696          2.42          6.38          6.24          0.14
   697          2.22          6.44          6.27          0.17
   698          2.08          6.32          6.13          0.19
   699          2.01          6.34          6.20          0.14
   700          1.75          6.10          5.93          0.17
   701          1.61          6.15          6.03          0.12
   702          1.94          6.18          6.08          0.10
   703          2.41          6.12          6.05          0.07
   704          2.27          6.07          5.97          0.10
   705          1.77          6.30          6.17          0.12
   706          1.94          6.19          6.14          0.05
   707          2.39          6.15          6.12          0.03
   708          1.70          5.62          5.57          0.05
   709          1.53          5.80          5.74          0.05
   710          1.63          5.73          5.69          0.03
   711          1.39          5.85          5.81          0.03
   712          0.96          6.09          6.05          0.03
   713          0.98          6.16          6.11          0.05
   714          1.57          5.90          5.83          0.07
   715          2.15          5.71          5.64          0.07
   716          1.89          5.80          5.73          0.07
   717          1.63          5.74          5.69          0.05
   718          1.70          5.62          5.59          0.03
   719          1.89          5.45          5.42          0.03
   720          1.94          5.21          5.19          0.02
   721          1.87          4.99          4.99          0.00
   722          2.20          4.88          4.81          0.07
   723          1.63          4.97          4.88          0.09
   724          1.51          5.10          5.05          0.05
   725          2.10          4.98          4.91          0.07
   726          2.42          4.90          4.85          0.05
   727          1.91          4.99          4.95          0.03
   728          1.68          4.71          4.68          0.03
   729          2.18          4.76          4.69          0.07
   730          2.05          4.85          4.76          0.09
   731          2.00          4.64          4.58          0.07
   732          1.98          4.40          4.37          0.03
   733          1.70          4.49          4.45          0.03
   734          1.72          4.52          4.49          0.03
   735          2.48          4.45          4.44          0.02
   736          2.39          4.35          4.33          0.02
   737          2.34          4.26          4.25          0.02
   738          1.86          4.01          3.97          0.03
   739          1.43          3.90          3.87          0.03
   740          1.26          4.09          4.09          0.00
   741          1.34          4.13          4.13          0.00
   742          1.05          4.15          4.15          0.00
   743          1.17          4.15          4.15          0.00
   744          1.32          3.99          3.99          0.00
   745          1.53          3.97          3.96          0.02
   746          1.45          3.91          3.87          0.03
   747          1.17          4.21          4.16          0.05
   748          1.34          4.06          4.04          0.02
   749          1.58          4.27          4.25          0.02
   750          1.83          4.12          4.10          0.02
   751          1.74          3.87          3.86          0.02
   752          1.26          3.96          3.96          0.00
   753          1.22          3.84          3.84          0.00
   754          1.19          3.84          3.81          0.03
   755          1.41          3.73          3.67          0.05
   756          1.28          3.60          3.57          0.03
   757          1.31          3.62          3.59          0.03
   758          1.45          3.57          3.52          0.05
   759          1.67          3.64          3.61          0.03
   760          1.62          3.52          3.47          0.05
   761          1.90          3.55          3.52          0.03
   762          1.59          3.28          3.26          0.02
   763          1.74          3.22          3.21          0.02
   764          1.43          3.43          3.43          0.00
   765          1.26          3.48          3.47          0.02
   766          1.26          3.59          3.55          0.03
   767          1.78          3.61          3.55          0.05
   768          1.74          3.52          3.48          0.03
   769          1.57          3.38          3.38          0.00
   770          1.71          3.19          3.19          0.00
   771          2.35          3.00          3.00          0.00
   772          1.79          3.00          3.00          0.00
   773          1.16          2.95          2.93          0.02
   774          1.45          3.05          3.04          0.02
   775          1.24          2.88          2.88          0.00
   776          1.45          2.76          2.76          0.00
   777          1.50          2.81          2.79          0.02
   778          1.24          2.98          2.93          0.05
   779          1.54          2.98          2.95          0.03
   780          1.64          3.05          3.02          0.03
   781          1.66          2.81          2.78          0.03
   782          1.26          3.00          2.95          0.05
   783          1.47          2.91          2.90          0.02
   784          1.29          2.90          2.88          0.02
   785          1.17          2.96          2.93          0.03
   786          1.33          3.04          3.00          0.03
   787          1.17          2.85          2.81          0.03
   788          1.53          2.81          2.81          0.00
   789          1.69          2.69          2.69          0.00
   790          1.60          2.71          2.71          0.00
   791          1.45          2.90          2.86          0.03
   792          1.57          2.98          2.93          0.05
   793          1.52          3.08          3.03          0.05
   794          1.22          3.27          3.24          0.03
   795          1.50          3.48          3.45          0.03
   796          1.50          3.48          3.48          0.00
   797          1.53          3.38          3.36          0.02
   798          1.50          3.52          3.50          0.02
   799          1.29          3.53          3.52          0.02
   800          1.22          3.72          3.71          0.02
   801          1.48          3.76          3.74          0.02
   802          1.62          3.86          3.83          0.03
   803          1.66          3.97          3.93          0.03
   804          1.33          3.67          3.65          0.02
