  Step oclprog_den oblprog_den   P_oclprog   P_oblprog dot_oclprog dot_oblprog
     1   0.100E+03   0.100E+04   0.771E+00   0.111E+00   0.000E+00   0.000E+00
     2   0.100E+03   0.100E+04   0.771E+00   0.111E+00   0.000E+00   0.000E+00
     3   0.100E+03   0.100E+04   0.771E+00   0.111E+00   0.000E+00   0.000E+00
     4   0.100E+03   0.100E+04   0.771E+00   0.111E+00   0.000E+00   0.000E+00
     5   0.100E+03   0.100E+04   0.771E+00   0.111E+00   0.000E+00   0.000E+00
     6   0.100E+03   0.100E+04   0.771E+00   0.111E+00   0.000E+00   0.000E+00
     7   0.100E+03   0.100E+04   0.771E+00   0.111E+00   0.000E+00   0.000E+00
     8   0.100E+03   0.100E+04   0.771E+00   0.111E+00   0.000E+00   0.000E+00
     9   0.100E+03   0.100E+04   0.771E+00   0.111E+00   0.000E+00   0.000E+00
    10   0.100E+03   0.100E+04   0.771E+00   0.111E+00   0.000E+00   0.000E+00
    11   0.100E+03   0.100E+04   0.771E+00   0.111E+00   0.000E+00   0.000E+00
    12   0.100E+03   0.100E+04   0.771E+00   0.111E+00   0.000E+00   0.000E+00
    13   0.100E+03   0.100E+04   0.771E+00   0.111E+00   0.000E+00   0.000E+00
    14   0.100E+03   0.100E+04   0.771E+00   0.111E+00   0.000E+00   0.000E+00
    15   0.100E+03   0.100E+04   0.771E+00   0.111E+00   0.000E+00   0.000E+00
    16   0.100E+03   0.100E+04   0.771E+00   0.111E+00   0.000E+00   0.000E+00
    17   0.100E+03   0.100E+04   0.771E+00   0.111E+00   0.000E+00   0.000E+00
    18   0.100E+03   0.100E+04   0.771E+00   0.111E+00   0.000E+00   0.000E+00
    19   0.100E+03   0.100E+04   0.771E+00   0.111E+00   0.000E+00   0.000E+00
    20   0.100E+03   0.100E+04   0.771E+00   0.111E+00   0.000E+00   0.000E+00
    21   0.100E+03   0.100E+04   0.771E+00   0.111E+00   0.000E+00   0.000E+00
    22   0.100E+03   0.100E+04   0.771E+00   0.111E+00   0.000E+00   0.000E+00
    23   0.100E+03   0.100E+04   0.771E+00   0.111E+00   0.000E+00   0.000E+00
    24   0.100E+03   0.100E+04   0.771E+00   0.111E+00   0.000E+00   0.000E+00
    25   0.100E+03   0.100E+04   0.771E+00   0.111E+00   0.000E+00   0.000E+00
    26   0.100E+03   0.100E+04   0.771E+00   0.111E+00   0.000E+00   0.000E+00
    27   0.100E+03   0.100E+04   0.771E+00   0.111E+00   0.000E+00   0.000E+00
    28   0.100E+03   0.100E+04   0.771E+00   0.111E+00   0.000E+00   0.000E+00
    29   0.100E+03   0.100E+04   0.771E+00   0.111E+00   0.000E+00   0.000E+00
    30   0.100E+03   0.100E+04   0.771E+00   0.111E+00   0.000E+00   0.000E+00
    31   0.100E+03   0.100E+04   0.771E+00   0.111E+00   0.000E+00   0.000E+00
    32   0.100E+03   0.100E+04   0.771E+00   0.111E+00   0.000E+00   0.000E+00
    33   0.100E+03   0.100E+04   0.771E+00   0.111E+00   0.000E+00   0.000E+00
    34   0.100E+03   0.100E+04   0.771E+00   0.111E+00   0.000E+00   0.000E+00
    35   0.100E+03   0.100E+04   0.771E+00   0.111E+00   0.000E+00   0.000E+00
    36   0.100E+03   0.100E+04   0.771E+00   0.111E+00   0.000E+00   0.000E+00
    37   0.100E+03   0.100E+04   0.771E+00   0.111E+00   0.000E+00   0.000E+00
    38   0.100E+03   0.100E+04   0.771E+00   0.111E+00   0.000E+00   0.000E+00
    39   0.100E+03   0.100E+04   0.771E+00   0.111E+00   0.000E+00   0.000E+00
    40   0.100E+03   0.100E+04   0.771E+00   0.111E+00   0.000E+00   0.000E+00
    41   0.100E+03   0.100E+04   0.771E+00   0.111E+00   0.000E+00   0.000E+00
    42   0.100E+03   0.100E+04   0.771E+00   0.111E+00   0.000E+00   0.000E+00
    43   0.100E+03   0.100E+04   0.771E+00   0.111E+00   0.000E+00   0.000E+00
    44   0.100E+03   0.100E+04   0.771E+00   0.111E+00   0.000E+00   0.000E+00
    45   0.100E+03   0.100E+04   0.771E+00   0.111E+00   0.000E+00   0.000E+00
    46   0.100E+03   0.100E+04   0.771E+00   0.111E+00   0.000E+00   0.000E+00
    47   0.100E+03   0.100E+04   0.771E+00   0.111E+00   0.000E+00   0.000E+00
    48   0.100E+03   0.100E+04   0.771E+00   0.111E+00   0.000E+00   0.000E+00
    49   0.100E+03   0.100E+04   0.771E+00   0.111E+00   0.000E+00   0.000E+00
    50   0.100E+03   0.100E+04   0.771E+00   0.111E+00   0.000E+00   0.000E+00
    51   0.100E+03   0.100E+04   0.771E+00   0.111E+00   0.000E+00   0.000E+00
    52   0.100E+03   0.100E+04   0.771E+00   0.111E+00   0.000E+00   0.000E+00
    53   0.100E+03   0.100E+04   0.771E+00   0.111E+00   0.000E+00   0.000E+00
    54   0.100E+03   0.100E+04   0.771E+00   0.111E+00   0.000E+00   0.000E+00
    55   0.100E+03   0.100E+04   0.771E+00   0.111E+00   0.000E+00   0.000E+00
    56   0.100E+03   0.100E+04   0.771E+00   0.111E+00   0.000E+00   0.000E+00
    57   0.100E+03   0.100E+04   0.771E+00   0.111E+00   0.000E+00   0.000E+00
    58   0.100E+03   0.100E+04   0.771E+00   0.111E+00   0.000E+00   0.000E+00
    59   0.100E+03   0.100E+04   0.771E+00   0.111E+00   0.000E+00   0.000E+00
    60   0.100E+03   0.100E+04   0.771E+00   0.111E+00   0.000E+00   0.000E+00
    61   0.100E+03   0.100E+04   0.771E+00   0.111E+00   0.000E+00   0.000E+00
    62   0.100E+03   0.100E+04   0.771E+00   0.111E+00   0.000E+00   0.000E+00
    63   0.100E+03   0.100E+04   0.771E+00   0.111E+00   0.000E+00   0.000E+00
    64   0.100E+03   0.100E+04   0.771E+00   0.111E+00   0.000E+00   0.000E+00
    65   0.100E+03   0.100E+04   0.771E+00   0.111E+00   0.000E+00   0.000E+00
    66   0.100E+03   0.100E+04   0.771E+00   0.111E+00   0.000E+00   0.000E+00
    67   0.100E+03   0.100E+04   0.771E+00   0.111E+00   0.000E+00   0.000E+00
    68   0.100E+03   0.100E+04   0.771E+00   0.111E+00   0.000E+00   0.000E+00
    69   0.100E+03   0.100E+04   0.771E+00   0.111E+00   0.000E+00   0.000E+00
    70   0.100E+03   0.100E+04   0.771E+00   0.111E+00   0.000E+00   0.000E+00
    71   0.100E+03   0.100E+04   0.771E+00   0.111E+00   0.160E-01   0.332E+01
    72   0.100E+03   0.101E+04   0.771E+00   0.111E+00   0.160E-01   0.329E+01
    73   0.100E+03   0.101E+04   0.771E+00   0.111E+00   0.161E-01   0.326E+01
    74   0.100E+03   0.101E+04   0.771E+00   0.111E+00   0.161E-01   0.322E+01
    75   0.100E+03   0.102E+04   0.771E+00   0.111E+00   0.162E-01   0.319E+01
    76   0.100E+03   0.102E+04   0.771E+00   0.111E+00   0.162E-01   0.316E+01
    77   0.100E+03   0.102E+04   0.771E+00   0.111E+00   0.163E-01   0.312E+01
    78   0.100E+03   0.103E+04   0.771E+00   0.111E+00   0.163E-01   0.309E+01
    79   0.100E+03   0.103E+04   0.771E+00   0.111E+00   0.164E-01   0.305E+01
    80   0.100E+03   0.103E+04   0.771E+00   0.111E+00   0.164E-01   0.302E+01
    81   0.100E+03   0.103E+04   0.771E+00   0.111E+00   0.165E-01   0.299E+01
    82   0.100E+03   0.104E+04   0.771E+00   0.111E+00   0.165E-01   0.295E+01
    83   0.100E+03   0.104E+04   0.771E+00   0.111E+00   0.166E-01   0.292E+01
    84   0.100E+03   0.104E+04   0.771E+00   0.110E+00   0.166E-01   0.289E+01
    85   0.100E+03   0.104E+04   0.771E+00   0.109E+00   0.000E+00   0.000E+00
    86   0.100E+03   0.104E+04   0.771E+00   0.108E+00   0.000E+00   0.000E+00
    87   0.100E+03   0.104E+04   0.771E+00   0.107E+00   0.000E+00   0.000E+00
    88   0.100E+03   0.104E+04   0.771E+00   0.106E+00   0.000E+00   0.000E+00
    89   0.100E+03   0.104E+04   0.771E+00   0.106E+00   0.000E+00   0.000E+00
    90   0.100E+03   0.104E+04   0.771E+00   0.105E+00   0.000E+00   0.000E+00
    91   0.100E+03   0.104E+04   0.771E+00   0.104E+00   0.000E+00   0.000E+00
    92   0.100E+03   0.104E+04   0.771E+00   0.103E+00   0.000E+00   0.000E+00
    93   0.100E+03   0.104E+04   0.771E+00   0.102E+00   0.000E+00   0.000E+00
    94   0.100E+03   0.104E+04   0.770E+00   0.101E+00   0.000E+00   0.000E+00
    95   0.100E+03   0.104E+04   0.770E+00   0.101E+00   0.000E+00   0.000E+00
    96   0.100E+03   0.104E+04   0.770E+00   0.999E-01   0.000E+00   0.000E+00
    97   0.100E+03   0.104E+04   0.770E+00   0.991E-01   0.000E+00   0.000E+00
    98   0.100E+03   0.104E+04   0.770E+00   0.991E-01   0.000E+00   0.000E+00
    99   0.100E+03   0.104E+04   0.770E+00   0.991E-01   0.000E+00   0.000E+00
   100   0.100E+03   0.104E+04   0.770E+00   0.991E-01   0.000E+00   0.000E+00
   101   0.100E+03   0.104E+04   0.770E+00   0.991E-01   0.000E+00   0.000E+00
   102   0.100E+03   0.104E+04   0.770E+00   0.991E-01   0.000E+00   0.000E+00
   103   0.100E+03   0.104E+04   0.770E+00   0.991E-01   0.000E+00   0.000E+00
   104   0.100E+03   0.104E+04   0.770E+00   0.991E-01   0.000E+00   0.000E+00
   105   0.100E+03   0.104E+04   0.770E+00   0.991E-01   0.000E+00   0.000E+00
   106   0.100E+03   0.104E+04   0.770E+00   0.991E-01   0.000E+00   0.000E+00
   107   0.100E+03   0.104E+04   0.770E+00   0.991E-01   0.000E+00   0.000E+00
   108   0.100E+03   0.104E+04   0.770E+00   0.991E-01   0.000E+00   0.000E+00
   109   0.100E+03   0.104E+04   0.770E+00   0.991E-01   0.000E+00   0.000E+00
   110   0.100E+03   0.104E+04   0.770E+00   0.991E-01   0.000E+00   0.000E+00
   111   0.100E+03   0.104E+04   0.770E+00   0.991E-01   0.000E+00   0.000E+00
   112   0.100E+03   0.104E+04   0.770E+00   0.991E-01   0.000E+00   0.000E+00
   113   0.100E+03   0.104E+04   0.770E+00   0.991E-01   0.000E+00   0.000E+00
   114   0.100E+03   0.104E+04   0.770E+00   0.991E-01   0.000E+00   0.000E+00
   115   0.100E+03   0.104E+04   0.770E+00   0.991E-01   0.000E+00   0.000E+00
   116   0.100E+03   0.104E+04   0.770E+00   0.991E-01   0.000E+00   0.000E+00
   117   0.100E+03   0.104E+04   0.770E+00   0.991E-01   0.000E+00   0.000E+00
   118   0.100E+03   0.104E+04   0.770E+00   0.991E-01   0.000E+00   0.000E+00
   119   0.100E+03   0.104E+04   0.770E+00   0.991E-01   0.000E+00   0.000E+00
   120   0.100E+03   0.104E+04   0.770E+00   0.991E-01   0.000E+00   0.000E+00
   121   0.100E+03   0.104E+04   0.770E+00   0.991E-01   0.000E+00   0.000E+00
   122   0.100E+03   0.104E+04   0.770E+00   0.991E-01   0.000E+00   0.000E+00
   123   0.100E+03   0.104E+04   0.770E+00   0.991E-01   0.000E+00   0.000E+00
   124   0.100E+03   0.104E+04   0.770E+00   0.991E-01   0.000E+00   0.000E+00
   125   0.100E+03   0.104E+04   0.770E+00   0.991E-01   0.000E+00   0.000E+00
   126   0.100E+03   0.104E+04   0.770E+00   0.991E-01   0.000E+00   0.000E+00
   127   0.100E+03   0.104E+04   0.770E+00   0.991E-01   0.000E+00   0.000E+00
   128   0.100E+03   0.104E+04   0.770E+00   0.991E-01   0.000E+00   0.000E+00
   129   0.100E+03   0.104E+04   0.770E+00   0.991E-01   0.000E+00   0.000E+00
   130   0.100E+03   0.104E+04   0.770E+00   0.991E-01   0.000E+00   0.000E+00
   131   0.100E+03   0.104E+04   0.770E+00   0.991E-01   0.000E+00   0.000E+00
   132   0.100E+03   0.104E+04   0.770E+00   0.991E-01   0.000E+00   0.000E+00
   133   0.100E+03   0.104E+04   0.770E+00   0.991E-01   0.000E+00   0.000E+00
   134   0.100E+03   0.104E+04   0.770E+00   0.991E-01   0.000E+00   0.000E+00
   135   0.100E+03   0.104E+04   0.770E+00   0.991E-01   0.000E+00   0.000E+00
   136   0.100E+03   0.104E+04   0.770E+00   0.991E-01   0.000E+00   0.000E+00
   137   0.100E+03   0.104E+04   0.770E+00   0.991E-01   0.000E+00   0.000E+00
   138   0.100E+03   0.104E+04   0.770E+00   0.991E-01   0.000E+00   0.000E+00
   139   0.100E+03   0.104E+04   0.770E+00   0.991E-01   0.000E+00   0.000E+00
   140   0.100E+03   0.104E+04   0.770E+00   0.991E-01   0.000E+00   0.000E+00
   141   0.100E+03   0.104E+04   0.770E+00   0.991E-01   0.000E+00   0.000E+00
   142   0.100E+03   0.104E+04   0.770E+00   0.991E-01   0.000E+00   0.000E+00
   143   0.100E+03   0.104E+04   0.770E+00   0.991E-01   0.000E+00   0.000E+00
   144   0.100E+03   0.104E+04   0.770E+00   0.991E-01   0.000E+00   0.000E+00
   145   0.100E+03   0.104E+04   0.770E+00   0.991E-01   0.000E+00   0.000E+00
   146   0.100E+03   0.104E+04   0.770E+00   0.991E-01   0.000E+00   0.000E+00
   147   0.100E+03   0.104E+04   0.770E+00   0.991E-01   0.000E+00   0.000E+00
   148   0.100E+03   0.104E+04   0.770E+00   0.991E-01   0.000E+00   0.000E+00
   149   0.100E+03   0.104E+04   0.770E+00   0.991E-01   0.000E+00   0.000E+00
   150   0.100E+03   0.104E+04   0.770E+00   0.991E-01   0.000E+00   0.000E+00
   151   0.100E+03   0.104E+04   0.770E+00   0.991E-01   0.000E+00   0.000E+00
   152   0.100E+03   0.104E+04   0.770E+00   0.991E-01   0.000E+00   0.000E+00
   153   0.100E+03   0.104E+04   0.770E+00   0.991E-01   0.000E+00   0.000E+00
   154   0.100E+03   0.104E+04   0.770E+00   0.991E-01   0.000E+00   0.000E+00
   155   0.100E+03   0.104E+04   0.770E+00   0.991E-01   0.000E+00   0.000E+00
   156   0.100E+03   0.104E+04   0.770E+00   0.991E-01   0.000E+00   0.000E+00
   157   0.100E+03   0.104E+04   0.770E+00   0.991E-01   0.000E+00   0.000E+00
   158   0.100E+03   0.104E+04   0.770E+00   0.991E-01   0.000E+00   0.000E+00
   159   0.100E+03   0.104E+04   0.770E+00   0.991E-01   0.000E+00   0.000E+00
   160   0.100E+03   0.104E+04   0.770E+00   0.991E-01   0.000E+00   0.000E+00
   161   0.100E+03   0.104E+04   0.770E+00   0.991E-01   0.000E+00   0.000E+00
   162   0.100E+03   0.104E+04   0.770E+00   0.991E-01   0.000E+00   0.000E+00
   163   0.100E+03   0.104E+04   0.770E+00   0.991E-01   0.000E+00   0.000E+00
   164   0.100E+03   0.104E+04   0.770E+00   0.991E-01   0.000E+00   0.000E+00
   165   0.100E+03   0.104E+04   0.770E+00   0.991E-01   0.000E+00   0.000E+00
   166   0.100E+03   0.104E+04   0.770E+00   0.991E-01   0.000E+00   0.000E+00
   167   0.100E+03   0.104E+04   0.770E+00   0.991E-01   0.000E+00   0.000E+00
   168   0.100E+03   0.104E+04   0.770E+00   0.991E-01   0.000E+00   0.000E+00
   169   0.100E+03   0.104E+04   0.770E+00   0.991E-01   0.000E+00   0.000E+00
   170   0.100E+03   0.104E+04   0.770E+00   0.991E-01   0.000E+00   0.000E+00
   171   0.100E+03   0.104E+04   0.770E+00   0.991E-01   0.000E+00   0.000E+00
   172   0.100E+03   0.104E+04   0.770E+00   0.991E-01   0.000E+00   0.000E+00
   173   0.100E+03   0.104E+04   0.770E+00   0.991E-01   0.000E+00   0.000E+00
   174   0.100E+03   0.104E+04   0.770E+00   0.991E-01   0.000E+00   0.000E+00
   175   0.100E+03   0.104E+04   0.770E+00   0.991E-01   0.000E+00   0.000E+00
   176   0.100E+03   0.104E+04   0.770E+00   0.991E-01   0.000E+00   0.000E+00
   177   0.100E+03   0.104E+04   0.770E+00   0.991E-01   0.000E+00   0.000E+00
   178   0.100E+03   0.104E+04   0.770E+00   0.991E-01   0.000E+00   0.000E+00
   179   0.100E+03   0.104E+04   0.770E+00   0.991E-01   0.000E+00   0.000E+00
   180   0.100E+03   0.104E+04   0.770E+00   0.991E-01   0.000E+00   0.000E+00
   181   0.100E+03   0.104E+04   0.770E+00   0.991E-01   0.000E+00   0.000E+00
   182   0.100E+03   0.104E+04   0.770E+00   0.991E-01   0.000E+00   0.000E+00
   183   0.100E+03   0.104E+04   0.770E+00   0.991E-01   0.000E+00   0.000E+00
   184   0.100E+03   0.104E+04   0.770E+00   0.991E-01   0.000E+00   0.000E+00
   185   0.100E+03   0.104E+04   0.770E+00   0.991E-01   0.000E+00   0.000E+00
   186   0.100E+03   0.104E+04   0.770E+00   0.991E-01   0.000E+00   0.000E+00
   187   0.100E+03   0.104E+04   0.770E+00   0.991E-01   0.000E+00   0.000E+00
   188   0.100E+03   0.104E+04   0.770E+00   0.991E-01   0.000E+00   0.000E+00
   189   0.100E+03   0.104E+04   0.770E+00   0.991E-01   0.000E+00   0.000E+00
   190   0.100E+03   0.104E+04   0.770E+00   0.991E-01   0.000E+00   0.000E+00
   191   0.100E+03   0.104E+04   0.770E+00   0.991E-01   0.000E+00   0.000E+00
   192   0.100E+03   0.104E+04   0.770E+00   0.991E-01   0.000E+00   0.000E+00
   193   0.100E+03   0.104E+04   0.770E+00   0.991E-01   0.000E+00   0.000E+00
   194   0.100E+03   0.104E+04   0.770E+00   0.991E-01   0.000E+00   0.000E+00
   195   0.100E+03   0.104E+04   0.770E+00   0.991E-01   0.000E+00   0.000E+00
   196   0.100E+03   0.104E+04   0.770E+00   0.991E-01   0.000E+00   0.000E+00
   197   0.100E+03   0.104E+04   0.770E+00   0.991E-01   0.000E+00   0.000E+00
   198   0.100E+03   0.104E+04   0.770E+00   0.991E-01   0.000E+00   0.000E+00
   199   0.100E+03   0.104E+04   0.770E+00   0.991E-01   0.000E+00   0.000E+00
   200   0.100E+03   0.104E+04   0.770E+00   0.991E-01   0.000E+00   0.000E+00
   201   0.100E+03   0.104E+04   0.770E+00   0.991E-01   0.000E+00   0.000E+00
   202   0.100E+03   0.104E+04   0.770E+00   0.991E-01   0.000E+00   0.000E+00
   203   0.100E+03   0.104E+04   0.770E+00   0.991E-01   0.000E+00   0.000E+00
   204   0.100E+03   0.104E+04   0.770E+00   0.991E-01   0.000E+00   0.000E+00
   205   0.100E+03   0.104E+04   0.770E+00   0.991E-01   0.000E+00   0.000E+00
   206   0.100E+03   0.104E+04   0.770E+00   0.991E-01   0.000E+00   0.000E+00
   207   0.100E+03   0.104E+04   0.770E+00   0.991E-01   0.000E+00   0.000E+00
   208   0.100E+03   0.104E+04   0.770E+00   0.991E-01   0.000E+00   0.000E+00
   209   0.100E+03   0.104E+04   0.770E+00   0.991E-01   0.000E+00   0.000E+00
   210   0.100E+03   0.104E+04   0.770E+00   0.991E-01   0.000E+00   0.000E+00
   211   0.100E+03   0.104E+04   0.770E+00   0.991E-01   0.000E+00   0.000E+00
   212   0.100E+03   0.104E+04   0.770E+00   0.991E-01   0.000E+00   0.000E+00
   213   0.100E+03   0.104E+04   0.770E+00   0.991E-01   0.000E+00   0.000E+00
   214   0.100E+03   0.104E+04   0.770E+00   0.991E-01   0.000E+00   0.000E+00
   215   0.100E+03   0.104E+04   0.770E+00   0.991E-01   0.000E+00   0.000E+00
   216   0.100E+03   0.104E+04   0.770E+00   0.991E-01   0.000E+00   0.000E+00
   217   0.100E+03   0.104E+04   0.770E+00   0.991E-01   0.000E+00   0.000E+00
   218   0.100E+03   0.104E+04   0.770E+00   0.991E-01   0.000E+00   0.000E+00
   219   0.100E+03   0.104E+04   0.770E+00   0.991E-01   0.000E+00   0.000E+00
   220   0.100E+03   0.104E+04   0.770E+00   0.991E-01   0.000E+00   0.000E+00
   221   0.100E+03   0.104E+04   0.770E+00   0.991E-01   0.000E+00   0.000E+00
   222   0.100E+03   0.104E+04   0.770E+00   0.991E-01   0.000E+00   0.000E+00
   223   0.100E+03   0.104E+04   0.770E+00   0.991E-01   0.000E+00   0.000E+00
   224   0.100E+03   0.104E+04   0.770E+00   0.991E-01   0.000E+00   0.000E+00
   225   0.100E+03   0.104E+04   0.770E+00   0.991E-01   0.000E+00   0.000E+00
   226   0.100E+03   0.104E+04   0.770E+00   0.991E-01   0.000E+00   0.000E+00
   227   0.100E+03   0.104E+04   0.770E+00   0.991E-01   0.000E+00   0.000E+00
   228   0.100E+03   0.104E+04   0.770E+00   0.991E-01   0.000E+00   0.000E+00
   229   0.100E+03   0.104E+04   0.770E+00   0.991E-01   0.000E+00   0.000E+00
   230   0.100E+03   0.104E+04   0.770E+00   0.991E-01   0.000E+00   0.000E+00
   231   0.100E+03   0.104E+04   0.770E+00   0.991E-01   0.000E+00   0.000E+00
   232   0.100E+03   0.104E+04   0.770E+00   0.991E-01   0.000E+00   0.000E+00
   233   0.100E+03   0.104E+04   0.770E+00   0.991E-01   0.000E+00   0.000E+00
   234   0.100E+03   0.104E+04   0.770E+00   0.991E-01   0.000E+00   0.000E+00
   235   0.100E+03   0.104E+04   0.770E+00   0.991E-01   0.000E+00   0.000E+00
   236   0.100E+03   0.104E+04   0.770E+00   0.991E-01   0.000E+00   0.000E+00
   237   0.100E+03   0.104E+04   0.770E+00   0.991E-01   0.000E+00   0.000E+00
   238   0.100E+03   0.104E+04   0.770E+00   0.991E-01   0.000E+00   0.000E+00
   239   0.100E+03   0.104E+04   0.770E+00   0.991E-01   0.000E+00   0.000E+00
   240   0.100E+03   0.104E+04   0.770E+00   0.991E-01   0.000E+00   0.000E+00
   241   0.100E+03   0.104E+04   0.770E+00   0.991E-01   0.000E+00   0.000E+00
   242   0.100E+03   0.104E+04   0.770E+00   0.991E-01   0.000E+00   0.000E+00
   243   0.100E+03   0.104E+04   0.770E+00   0.991E-01   0.000E+00   0.000E+00
   244   0.100E+03   0.104E+04   0.770E+00   0.991E-01   0.000E+00   0.000E+00
   245   0.100E+03   0.104E+04   0.770E+00   0.991E-01   0.000E+00   0.000E+00
   246   0.100E+03   0.104E+04   0.770E+00   0.991E-01   0.000E+00   0.000E+00
   247   0.100E+03   0.104E+04   0.770E+00   0.991E-01   0.000E+00   0.000E+00
   248   0.100E+03   0.104E+04   0.770E+00   0.991E-01   0.000E+00   0.000E+00
   249   0.100E+03   0.104E+04   0.770E+00   0.991E-01   0.000E+00   0.000E+00
   250   0.100E+03   0.104E+04   0.770E+00   0.991E-01   0.000E+00   0.000E+00
   251   0.100E+03   0.104E+04   0.770E+00   0.991E-01   0.000E+00   0.000E+00
   252   0.100E+03   0.104E+04   0.770E+00   0.991E-01   0.000E+00   0.000E+00
   253   0.100E+03   0.104E+04   0.770E+00   0.991E-01   0.000E+00   0.000E+00
   254   0.100E+03   0.104E+04   0.770E+00   0.991E-01   0.000E+00   0.000E+00
   255   0.100E+03   0.104E+04   0.770E+00   0.991E-01   0.000E+00   0.000E+00
   256   0.100E+03   0.104E+04   0.770E+00   0.991E-01   0.000E+00   0.000E+00
   257   0.100E+03   0.104E+04   0.770E+00   0.991E-01   0.000E+00   0.000E+00
   258   0.100E+03   0.104E+04   0.770E+00   0.991E-01   0.000E+00   0.000E+00
   259   0.100E+03   0.104E+04   0.770E+00   0.991E-01   0.000E+00   0.000E+00
   260   0.100E+03   0.104E+04   0.770E+00   0.991E-01   0.000E+00   0.000E+00
   261   0.100E+03   0.104E+04   0.770E+00   0.991E-01   0.000E+00   0.000E+00
   262   0.100E+03   0.104E+04   0.770E+00   0.991E-01   0.000E+00   0.000E+00
   263   0.100E+03   0.104E+04   0.770E+00   0.991E-01   0.000E+00   0.000E+00
   264   0.100E+03   0.104E+04   0.770E+00   0.991E-01   0.000E+00   0.000E+00
   265   0.100E+03   0.104E+04   0.770E+00   0.991E-01   0.000E+00   0.000E+00
   266   0.100E+03   0.104E+04   0.770E+00   0.991E-01   0.000E+00   0.000E+00
   267   0.100E+03   0.104E+04   0.770E+00   0.991E-01   0.000E+00   0.000E+00
   268   0.100E+03   0.104E+04   0.770E+00   0.991E-01   0.000E+00   0.000E+00
   269   0.100E+03   0.104E+04   0.770E+00   0.991E-01   0.000E+00   0.000E+00
   270   0.100E+03   0.104E+04   0.770E+00   0.991E-01   0.000E+00   0.000E+00
   271   0.100E+03   0.104E+04   0.770E+00   0.991E-01   0.000E+00   0.000E+00
   272   0.100E+03   0.104E+04   0.770E+00   0.991E-01   0.000E+00   0.000E+00
   273   0.100E+03   0.104E+04   0.770E+00   0.991E-01   0.000E+00   0.000E+00
   274   0.100E+03   0.104E+04   0.770E+00   0.991E-01   0.000E+00   0.000E+00
   275   0.100E+03   0.104E+04   0.770E+00   0.991E-01   0.000E+00   0.000E+00
   276   0.100E+03   0.104E+04   0.770E+00   0.991E-01   0.000E+00   0.000E+00
   277   0.100E+03   0.104E+04   0.770E+00   0.991E-01   0.000E+00   0.000E+00
   278   0.100E+03   0.104E+04   0.770E+00   0.991E-01   0.000E+00   0.000E+00
   279   0.100E+03   0.104E+04   0.770E+00   0.991E-01   0.000E+00   0.000E+00
   280   0.100E+03   0.104E+04   0.770E+00   0.991E-01   0.000E+00   0.000E+00
   281   0.100E+03   0.104E+04   0.770E+00   0.991E-01   0.000E+00   0.000E+00
   282   0.100E+03   0.104E+04   0.770E+00   0.991E-01   0.000E+00   0.000E+00
   283   0.100E+03   0.104E+04   0.770E+00   0.991E-01   0.000E+00   0.000E+00
   284   0.100E+03   0.104E+04   0.770E+00   0.991E-01   0.000E+00   0.000E+00
   285   0.100E+03   0.104E+04   0.770E+00   0.991E-01   0.000E+00   0.000E+00
   286   0.100E+03   0.104E+04   0.770E+00   0.991E-01   0.000E+00   0.000E+00
   287   0.100E+03   0.104E+04   0.770E+00   0.991E-01   0.000E+00   0.000E+00
   288   0.100E+03   0.104E+04   0.770E+00   0.991E-01   0.000E+00   0.000E+00
   289   0.100E+03   0.104E+04   0.770E+00   0.991E-01   0.000E+00   0.000E+00
   290   0.100E+03   0.104E+04   0.770E+00   0.991E-01   0.000E+00   0.000E+00
   291   0.100E+03   0.104E+04   0.770E+00   0.991E-01   0.000E+00   0.000E+00
   292   0.100E+03   0.104E+04   0.770E+00   0.991E-01   0.000E+00   0.000E+00
   293   0.100E+03   0.104E+04   0.770E+00   0.991E-01   0.000E+00   0.000E+00
   294   0.100E+03   0.104E+04   0.770E+00   0.991E-01   0.000E+00   0.000E+00
   295   0.100E+03   0.104E+04   0.770E+00   0.991E-01   0.000E+00   0.000E+00
   296   0.100E+03   0.104E+04   0.770E+00   0.991E-01   0.000E+00   0.000E+00
   297   0.100E+03   0.104E+04   0.770E+00   0.991E-01   0.000E+00   0.000E+00
   298   0.100E+03   0.104E+04   0.770E+00   0.991E-01   0.000E+00   0.000E+00
   299   0.100E+03   0.104E+04   0.770E+00   0.991E-01   0.000E+00   0.000E+00
   300   0.100E+03   0.104E+04   0.770E+00   0.991E-01   0.000E+00   0.000E+00
   301   0.100E+03   0.104E+04   0.770E+00   0.991E-01   0.000E+00   0.000E+00
   302   0.100E+03   0.104E+04   0.770E+00   0.991E-01   0.000E+00   0.000E+00
   303   0.100E+03   0.104E+04   0.770E+00   0.991E-01   0.000E+00   0.000E+00
   304   0.100E+03   0.104E+04   0.770E+00   0.991E-01   0.000E+00   0.000E+00
   305   0.100E+03   0.104E+04   0.770E+00   0.991E-01   0.000E+00   0.000E+00
   306   0.100E+03   0.104E+04   0.770E+00   0.991E-01   0.000E+00   0.000E+00
   307   0.100E+03   0.104E+04   0.770E+00   0.991E-01   0.000E+00   0.000E+00
   308   0.100E+03   0.104E+04   0.770E+00   0.991E-01   0.000E+00   0.000E+00
   309   0.100E+03   0.104E+04   0.770E+00   0.991E-01   0.000E+00   0.000E+00
   310   0.100E+03   0.104E+04   0.770E+00   0.991E-01   0.000E+00   0.000E+00
   311   0.100E+03   0.104E+04   0.770E+00   0.991E-01   0.000E+00   0.000E+00
   312   0.100E+03   0.104E+04   0.770E+00   0.991E-01   0.000E+00   0.000E+00
   313   0.100E+03   0.104E+04   0.770E+00   0.991E-01   0.000E+00   0.000E+00
   314   0.100E+03   0.104E+04   0.770E+00   0.991E-01   0.000E+00   0.000E+00
   315   0.100E+03   0.104E+04   0.770E+00   0.991E-01   0.000E+00   0.000E+00
   316   0.100E+03   0.104E+04   0.770E+00   0.991E-01   0.000E+00   0.000E+00
   317   0.100E+03   0.104E+04   0.770E+00   0.991E-01   0.000E+00   0.000E+00
   318   0.100E+03   0.104E+04   0.770E+00   0.991E-01   0.000E+00   0.000E+00
   319   0.100E+03   0.104E+04   0.770E+00   0.991E-01   0.000E+00   0.000E+00
   320   0.100E+03   0.104E+04   0.770E+00   0.991E-01   0.000E+00   0.000E+00
   321   0.100E+03   0.104E+04   0.770E+00   0.991E-01   0.000E+00   0.000E+00
   322   0.100E+03   0.104E+04   0.770E+00   0.991E-01   0.000E+00   0.000E+00
   323   0.100E+03   0.104E+04   0.770E+00   0.991E-01   0.000E+00   0.000E+00
   324   0.100E+03   0.104E+04   0.770E+00   0.991E-01   0.000E+00   0.000E+00
   325   0.100E+03   0.104E+04   0.770E+00   0.991E-01   0.000E+00   0.000E+00
   326   0.100E+03   0.104E+04   0.770E+00   0.991E-01   0.000E+00   0.000E+00
   327   0.100E+03   0.104E+04   0.770E+00   0.991E-01   0.000E+00   0.000E+00
   328   0.100E+03   0.104E+04   0.770E+00   0.991E-01   0.000E+00   0.000E+00
   329   0.100E+03   0.104E+04   0.770E+00   0.991E-01   0.000E+00   0.000E+00
   330   0.100E+03   0.104E+04   0.770E+00   0.991E-01   0.000E+00   0.000E+00
   331   0.100E+03   0.104E+04   0.770E+00   0.991E-01   0.000E+00   0.000E+00
   332   0.100E+03   0.104E+04   0.770E+00   0.991E-01   0.000E+00   0.000E+00
   333   0.100E+03   0.104E+04   0.770E+00   0.991E-01   0.000E+00   0.000E+00
   334   0.100E+03   0.104E+04   0.770E+00   0.991E-01   0.000E+00   0.000E+00
   335   0.100E+03   0.104E+04   0.770E+00   0.991E-01   0.000E+00   0.000E+00
   336   0.100E+03   0.104E+04   0.770E+00   0.991E-01   0.000E+00   0.000E+00
   337   0.100E+03   0.104E+04   0.770E+00   0.991E-01   0.000E+00   0.000E+00
   338   0.100E+03   0.104E+04   0.770E+00   0.991E-01   0.000E+00   0.000E+00
   339   0.100E+03   0.104E+04   0.770E+00   0.991E-01   0.000E+00   0.000E+00
   340   0.100E+03   0.104E+04   0.770E+00   0.991E-01   0.000E+00   0.000E+00
   341   0.100E+03   0.104E+04   0.770E+00   0.991E-01   0.000E+00   0.000E+00
   342   0.100E+03   0.104E+04   0.770E+00   0.991E-01   0.000E+00   0.000E+00
   343   0.100E+03   0.104E+04   0.770E+00   0.991E-01   0.000E+00   0.000E+00
   344   0.100E+03   0.104E+04   0.770E+00   0.991E-01   0.000E+00   0.000E+00
   345   0.100E+03   0.104E+04   0.770E+00   0.991E-01   0.000E+00   0.000E+00
   346   0.100E+03   0.104E+04   0.770E+00   0.991E-01   0.000E+00   0.000E+00
   347   0.100E+03   0.104E+04   0.770E+00   0.991E-01   0.000E+00   0.000E+00
   348   0.100E+03   0.104E+04   0.770E+00   0.991E-01   0.000E+00   0.000E+00
   349   0.100E+03   0.104E+04   0.770E+00   0.991E-01   0.000E+00   0.000E+00
   350   0.100E+03   0.104E+04   0.770E+00   0.991E-01   0.000E+00   0.000E+00
   351   0.100E+03   0.104E+04   0.770E+00   0.991E-01   0.000E+00   0.000E+00
   352   0.100E+03   0.104E+04   0.770E+00   0.991E-01   0.000E+00   0.000E+00
   353   0.100E+03   0.104E+04   0.770E+00   0.991E-01   0.000E+00   0.000E+00
   354   0.100E+03   0.104E+04   0.770E+00   0.991E-01   0.000E+00   0.000E+00
   355   0.100E+03   0.104E+04   0.770E+00   0.991E-01   0.000E+00   0.000E+00
   356   0.100E+03   0.104E+04   0.770E+00   0.991E-01   0.000E+00   0.000E+00
   357   0.100E+03   0.104E+04   0.770E+00   0.991E-01   0.000E+00   0.000E+00
   358   0.100E+03   0.104E+04   0.770E+00   0.991E-01   0.000E+00   0.000E+00
   359   0.100E+03   0.104E+04   0.770E+00   0.991E-01   0.000E+00   0.000E+00
   360   0.100E+03   0.104E+04   0.770E+00   0.991E-01   0.000E+00   0.000E+00
   361   0.100E+03   0.104E+04   0.770E+00   0.991E-01   0.000E+00   0.000E+00
   362   0.100E+03   0.104E+04   0.770E+00   0.991E-01   0.000E+00   0.000E+00
   363   0.100E+03   0.104E+04   0.770E+00   0.991E-01   0.000E+00   0.000E+00
   364   0.100E+03   0.104E+04   0.770E+00   0.991E-01   0.000E+00   0.000E+00
   365   0.100E+03   0.104E+04   0.770E+00   0.991E-01   0.000E+00   0.000E+00
   366   0.100E+03   0.104E+04   0.770E+00   0.991E-01   0.000E+00   0.000E+00
   367   0.100E+03   0.104E+04   0.770E+00   0.991E-01   0.000E+00   0.000E+00
   368   0.100E+03   0.104E+04   0.770E+00   0.991E-01   0.000E+00   0.000E+00
   369   0.100E+03   0.104E+04   0.770E+00   0.991E-01   0.000E+00   0.000E+00
   370   0.100E+03   0.104E+04   0.770E+00   0.991E-01   0.000E+00   0.000E+00
   371   0.100E+03   0.104E+04   0.770E+00   0.991E-01   0.000E+00   0.000E+00
   372   0.100E+03   0.104E+04   0.770E+00   0.991E-01   0.000E+00   0.000E+00
   373   0.100E+03   0.104E+04   0.770E+00   0.991E-01   0.000E+00   0.000E+00
   374   0.100E+03   0.104E+04   0.770E+00   0.991E-01   0.000E+00   0.000E+00
   375   0.100E+03   0.104E+04   0.770E+00   0.991E-01   0.000E+00   0.000E+00
   376   0.100E+03   0.104E+04   0.770E+00   0.991E-01   0.000E+00   0.000E+00
   377   0.100E+03   0.104E+04   0.770E+00   0.991E-01   0.000E+00   0.000E+00
   378   0.100E+03   0.104E+04   0.770E+00   0.991E-01   0.000E+00   0.000E+00
   379   0.100E+03   0.104E+04   0.770E+00   0.991E-01   0.000E+00   0.000E+00
   380   0.100E+03   0.104E+04   0.770E+00   0.991E-01   0.000E+00   0.000E+00
   381   0.100E+03   0.104E+04   0.770E+00   0.991E-01   0.000E+00   0.000E+00
   382   0.100E+03   0.104E+04   0.770E+00   0.991E-01   0.000E+00   0.000E+00
   383   0.100E+03   0.104E+04   0.770E+00   0.991E-01   0.000E+00   0.000E+00
   384   0.100E+03   0.104E+04   0.770E+00   0.991E-01   0.000E+00   0.000E+00
   385   0.100E+03   0.104E+04   0.770E+00   0.991E-01   0.000E+00   0.000E+00
   386   0.100E+03   0.104E+04   0.770E+00   0.991E-01   0.000E+00   0.000E+00
   387   0.100E+03   0.104E+04   0.770E+00   0.991E-01   0.000E+00   0.000E+00
   388   0.100E+03   0.104E+04   0.770E+00   0.991E-01   0.000E+00   0.000E+00
   389   0.100E+03   0.104E+04   0.770E+00   0.991E-01   0.000E+00   0.000E+00
   390   0.100E+03   0.104E+04   0.770E+00   0.991E-01   0.000E+00   0.000E+00
   391   0.100E+03   0.104E+04   0.770E+00   0.991E-01   0.000E+00   0.000E+00
   392   0.100E+03   0.104E+04   0.770E+00   0.991E-01   0.000E+00   0.000E+00
   393   0.100E+03   0.104E+04   0.770E+00   0.991E-01   0.000E+00   0.000E+00
   394   0.100E+03   0.104E+04   0.770E+00   0.991E-01   0.000E+00   0.000E+00
   395   0.100E+03   0.104E+04   0.770E+00   0.991E-01   0.000E+00   0.000E+00
   396   0.100E+03   0.104E+04   0.770E+00   0.991E-01   0.000E+00   0.000E+00
   397   0.100E+03   0.104E+04   0.770E+00   0.991E-01   0.000E+00   0.000E+00
   398   0.100E+03   0.104E+04   0.770E+00   0.991E-01   0.000E+00   0.000E+00
   399   0.100E+03   0.104E+04   0.770E+00   0.991E-01   0.000E+00   0.000E+00
   400   0.100E+03   0.104E+04   0.770E+00   0.991E-01   0.000E+00   0.000E+00
   401   0.100E+03   0.104E+04   0.770E+00   0.991E-01   0.000E+00   0.000E+00
   402   0.100E+03   0.104E+04   0.770E+00   0.991E-01   0.000E+00   0.000E+00
   403   0.100E+03   0.104E+04   0.770E+00   0.991E-01   0.000E+00   0.000E+00
   404   0.100E+03   0.104E+04   0.770E+00   0.991E-01   0.000E+00   0.000E+00
   405   0.100E+03   0.104E+04   0.770E+00   0.991E-01   0.000E+00   0.000E+00
   406   0.100E+03   0.104E+04   0.770E+00   0.991E-01   0.000E+00   0.000E+00
   407   0.100E+03   0.104E+04   0.770E+00   0.991E-01   0.000E+00   0.000E+00
   408   0.100E+03   0.104E+04   0.770E+00   0.991E-01   0.000E+00   0.000E+00
   409   0.100E+03   0.104E+04   0.770E+00   0.991E-01   0.000E+00   0.000E+00
   410   0.100E+03   0.104E+04   0.770E+00   0.991E-01   0.000E+00   0.000E+00
   411   0.100E+03   0.104E+04   0.770E+00   0.991E-01   0.000E+00   0.000E+00
   412   0.100E+03   0.104E+04   0.770E+00   0.991E-01   0.000E+00   0.000E+00
   413   0.100E+03   0.104E+04   0.770E+00   0.991E-01   0.000E+00   0.000E+00
   414   0.100E+03   0.104E+04   0.770E+00   0.991E-01   0.000E+00   0.000E+00
   415   0.100E+03   0.104E+04   0.770E+00   0.991E-01   0.000E+00   0.000E+00
   416   0.100E+03   0.104E+04   0.770E+00   0.991E-01   0.000E+00   0.000E+00
   417   0.100E+03   0.104E+04   0.770E+00   0.991E-01   0.000E+00   0.000E+00
   418   0.100E+03   0.104E+04   0.770E+00   0.991E-01   0.000E+00   0.000E+00
   419   0.100E+03   0.104E+04   0.770E+00   0.991E-01   0.000E+00   0.000E+00
   420   0.100E+03   0.104E+04   0.770E+00   0.991E-01   0.000E+00   0.000E+00
   421   0.100E+03   0.104E+04   0.770E+00   0.991E-01   0.000E+00   0.000E+00
   422   0.100E+03   0.104E+04   0.770E+00   0.991E-01   0.000E+00   0.000E+00
   423   0.100E+03   0.104E+04   0.770E+00   0.991E-01   0.000E+00   0.000E+00
   424   0.100E+03   0.104E+04   0.770E+00   0.991E-01   0.000E+00   0.000E+00
   425   0.100E+03   0.104E+04   0.770E+00   0.991E-01   0.000E+00   0.000E+00
   426   0.100E+03   0.104E+04   0.770E+00   0.991E-01   0.000E+00   0.000E+00
   427   0.100E+03   0.104E+04   0.770E+00   0.991E-01   0.000E+00   0.000E+00
   428   0.100E+03   0.104E+04   0.770E+00   0.991E-01   0.000E+00   0.000E+00
   429   0.100E+03   0.104E+04   0.770E+00   0.991E-01   0.000E+00   0.000E+00
   430   0.100E+03   0.104E+04   0.770E+00   0.991E-01   0.000E+00   0.000E+00
   431   0.100E+03   0.104E+04   0.770E+00   0.991E-01   0.000E+00   0.000E+00
   432   0.100E+03   0.104E+04   0.770E+00   0.991E-01   0.000E+00   0.000E+00
   433   0.100E+03   0.104E+04   0.770E+00   0.991E-01   0.000E+00   0.000E+00
   434   0.100E+03   0.104E+04   0.770E+00   0.991E-01   0.000E+00   0.000E+00
   435   0.100E+03   0.104E+04   0.770E+00   0.991E-01   0.000E+00   0.000E+00
   436   0.100E+03   0.104E+04   0.770E+00   0.991E-01   0.000E+00   0.000E+00
   437   0.100E+03   0.104E+04   0.770E+00   0.991E-01   0.000E+00   0.000E+00
   438   0.100E+03   0.104E+04   0.770E+00   0.991E-01   0.000E+00   0.000E+00
   439   0.100E+03   0.104E+04   0.770E+00   0.991E-01   0.000E+00   0.000E+00
   440   0.100E+03   0.104E+04   0.770E+00   0.991E-01   0.000E+00   0.000E+00
   441   0.100E+03   0.104E+04   0.770E+00   0.991E-01   0.000E+00   0.000E+00
   442   0.100E+03   0.104E+04   0.770E+00   0.991E-01   0.000E+00   0.000E+00
   443   0.100E+03   0.104E+04   0.770E+00   0.991E-01   0.000E+00   0.000E+00
   444   0.100E+03   0.104E+04   0.770E+00   0.991E-01   0.000E+00   0.000E+00
   445   0.100E+03   0.104E+04   0.770E+00   0.991E-01   0.000E+00   0.000E+00
   446   0.100E+03   0.104E+04   0.770E+00   0.991E-01   0.000E+00   0.000E+00
   447   0.100E+03   0.104E+04   0.770E+00   0.991E-01   0.000E+00   0.000E+00
   448   0.100E+03   0.104E+04   0.770E+00   0.991E-01   0.000E+00   0.000E+00
   449   0.100E+03   0.104E+04   0.770E+00   0.991E-01   0.000E+00   0.000E+00
   450   0.100E+03   0.104E+04   0.770E+00   0.991E-01   0.000E+00   0.000E+00
   451   0.100E+03   0.104E+04   0.770E+00   0.991E-01   0.000E+00   0.000E+00
   452   0.100E+03   0.104E+04   0.770E+00   0.991E-01   0.000E+00   0.000E+00
   453   0.100E+03   0.104E+04   0.770E+00   0.991E-01   0.000E+00   0.000E+00
   454   0.100E+03   0.104E+04   0.770E+00   0.991E-01   0.000E+00   0.000E+00
   455   0.100E+03   0.104E+04   0.770E+00   0.991E-01   0.000E+00   0.000E+00
   456   0.100E+03   0.104E+04   0.770E+00   0.991E-01   0.000E+00   0.000E+00
   457   0.100E+03   0.104E+04   0.770E+00   0.991E-01   0.000E+00   0.000E+00
   458   0.100E+03   0.104E+04   0.770E+00   0.991E-01   0.000E+00   0.000E+00
   459   0.100E+03   0.104E+04   0.770E+00   0.991E-01   0.000E+00   0.000E+00
   460   0.100E+03   0.104E+04   0.770E+00   0.991E-01   0.000E+00   0.000E+00
   461   0.100E+03   0.104E+04   0.770E+00   0.991E-01   0.000E+00   0.000E+00
   462   0.100E+03   0.104E+04   0.770E+00   0.991E-01   0.000E+00   0.000E+00
   463   0.100E+03   0.104E+04   0.770E+00   0.991E-01   0.000E+00   0.000E+00
   464   0.100E+03   0.104E+04   0.770E+00   0.991E-01   0.000E+00   0.000E+00
   465   0.100E+03   0.104E+04   0.770E+00   0.991E-01   0.000E+00   0.000E+00
   466   0.100E+03   0.104E+04   0.770E+00   0.991E-01   0.000E+00   0.000E+00
   467   0.100E+03   0.104E+04   0.770E+00   0.991E-01   0.000E+00   0.000E+00
   468   0.100E+03   0.104E+04   0.770E+00   0.991E-01   0.000E+00   0.000E+00
   469   0.100E+03   0.104E+04   0.770E+00   0.991E-01   0.000E+00   0.000E+00
   470   0.100E+03   0.104E+04   0.770E+00   0.991E-01   0.000E+00   0.000E+00
   471   0.100E+03   0.104E+04   0.770E+00   0.991E-01   0.000E+00   0.000E+00
   472   0.100E+03   0.104E+04   0.770E+00   0.991E-01   0.000E+00   0.000E+00
   473   0.100E+03   0.104E+04   0.770E+00   0.991E-01   0.000E+00   0.000E+00
   474   0.100E+03   0.104E+04   0.770E+00   0.991E-01   0.000E+00   0.000E+00
   475   0.100E+03   0.104E+04   0.770E+00   0.991E-01   0.000E+00   0.000E+00
   476   0.100E+03   0.104E+04   0.770E+00   0.991E-01   0.000E+00   0.000E+00
   477   0.100E+03   0.104E+04   0.770E+00   0.991E-01   0.000E+00   0.000E+00
   478   0.100E+03   0.104E+04   0.770E+00   0.991E-01   0.000E+00   0.000E+00
   479   0.100E+03   0.104E+04   0.770E+00   0.991E-01   0.000E+00   0.000E+00
   480   0.100E+03   0.104E+04   0.770E+00   0.991E-01   0.000E+00   0.000E+00
   481   0.100E+03   0.104E+04   0.770E+00   0.991E-01   0.000E+00   0.000E+00
   482   0.100E+03   0.104E+04   0.770E+00   0.991E-01   0.000E+00   0.000E+00
   483   0.100E+03   0.104E+04   0.770E+00   0.991E-01   0.000E+00   0.000E+00
   484   0.100E+03   0.104E+04   0.770E+00   0.991E-01   0.000E+00   0.000E+00
   485   0.100E+03   0.104E+04   0.770E+00   0.991E-01   0.000E+00   0.000E+00
   486   0.100E+03   0.104E+04   0.770E+00   0.991E-01   0.000E+00   0.000E+00
   487   0.100E+03   0.104E+04   0.770E+00   0.991E-01   0.000E+00   0.000E+00
   488   0.100E+03   0.104E+04   0.770E+00   0.991E-01   0.000E+00   0.000E+00
   489   0.100E+03   0.104E+04   0.770E+00   0.991E-01   0.000E+00   0.000E+00
   490   0.100E+03   0.104E+04   0.770E+00   0.991E-01   0.000E+00   0.000E+00
   491   0.100E+03   0.104E+04   0.770E+00   0.991E-01   0.000E+00   0.000E+00
   492   0.100E+03   0.104E+04   0.770E+00   0.991E-01   0.000E+00   0.000E+00
   493   0.100E+03   0.104E+04   0.770E+00   0.991E-01   0.000E+00   0.000E+00
   494   0.100E+03   0.104E+04   0.770E+00   0.991E-01   0.000E+00   0.000E+00
   495   0.100E+03   0.104E+04   0.770E+00   0.991E-01   0.000E+00   0.000E+00
   496   0.100E+03   0.104E+04   0.770E+00   0.991E-01   0.000E+00   0.000E+00
   497   0.100E+03   0.104E+04   0.770E+00   0.991E-01   0.000E+00   0.000E+00
   498   0.100E+03   0.104E+04   0.770E+00   0.991E-01   0.000E+00   0.000E+00
   499   0.100E+03   0.104E+04   0.770E+00   0.991E-01   0.000E+00   0.000E+00
   500   0.100E+03   0.104E+04   0.770E+00   0.991E-01   0.000E+00   0.000E+00
   501   0.100E+03   0.104E+04   0.770E+00   0.991E-01   0.000E+00   0.000E+00
   502   0.100E+03   0.104E+04   0.770E+00   0.991E-01   0.000E+00   0.000E+00
   503   0.100E+03   0.104E+04   0.770E+00   0.991E-01   0.000E+00   0.000E+00
   504   0.100E+03   0.104E+04   0.770E+00   0.991E-01   0.000E+00   0.000E+00
   505   0.100E+03   0.104E+04   0.770E+00   0.991E-01   0.000E+00   0.000E+00
   506   0.100E+03   0.104E+04   0.770E+00   0.991E-01   0.000E+00   0.000E+00
   507   0.100E+03   0.104E+04   0.770E+00   0.991E-01   0.000E+00   0.000E+00
   508   0.100E+03   0.104E+04   0.770E+00   0.991E-01   0.000E+00   0.000E+00
   509   0.100E+03   0.104E+04   0.770E+00   0.991E-01   0.000E+00   0.000E+00
   510   0.100E+03   0.104E+04   0.770E+00   0.991E-01   0.000E+00   0.000E+00
   511   0.100E+03   0.104E+04   0.770E+00   0.991E-01   0.000E+00   0.000E+00
   512   0.100E+03   0.104E+04   0.770E+00   0.991E-01   0.000E+00   0.000E+00
   513   0.100E+03   0.104E+04   0.770E+00   0.991E-01   0.000E+00   0.000E+00
   514   0.100E+03   0.104E+04   0.770E+00   0.991E-01   0.000E+00   0.000E+00
   515   0.100E+03   0.104E+04   0.770E+00   0.991E-01   0.000E+00   0.000E+00
   516   0.100E+03   0.104E+04   0.770E+00   0.991E-01   0.000E+00   0.000E+00
   517   0.100E+03   0.104E+04   0.770E+00   0.991E-01   0.000E+00   0.000E+00
   518   0.100E+03   0.104E+04   0.770E+00   0.991E-01   0.000E+00   0.000E+00
   519   0.100E+03   0.104E+04   0.770E+00   0.991E-01   0.000E+00   0.000E+00
   520   0.100E+03   0.104E+04   0.770E+00   0.991E-01   0.000E+00   0.000E+00
   521   0.100E+03   0.104E+04   0.770E+00   0.991E-01   0.000E+00   0.000E+00
   522   0.100E+03   0.104E+04   0.770E+00   0.991E-01   0.000E+00   0.000E+00
   523   0.100E+03   0.104E+04   0.770E+00   0.991E-01   0.000E+00   0.000E+00
   524   0.100E+03   0.104E+04   0.770E+00   0.991E-01   0.000E+00   0.000E+00
   525   0.100E+03   0.104E+04   0.770E+00   0.991E-01   0.000E+00   0.000E+00
   526   0.100E+03   0.104E+04   0.770E+00   0.991E-01   0.000E+00   0.000E+00
   527   0.100E+03   0.104E+04   0.770E+00   0.991E-01   0.000E+00   0.000E+00
   528   0.100E+03   0.104E+04   0.770E+00   0.991E-01   0.000E+00   0.000E+00
   529   0.100E+03   0.104E+04   0.770E+00   0.991E-01   0.000E+00   0.000E+00
   530   0.100E+03   0.104E+04   0.770E+00   0.991E-01   0.000E+00   0.000E+00
   531   0.100E+03   0.104E+04   0.770E+00   0.991E-01   0.000E+00   0.000E+00
   532   0.100E+03   0.104E+04   0.770E+00   0.991E-01   0.000E+00   0.000E+00
   533   0.100E+03   0.104E+04   0.770E+00   0.991E-01   0.000E+00   0.000E+00
   534   0.100E+03   0.104E+04   0.770E+00   0.991E-01   0.000E+00   0.000E+00
   535   0.100E+03   0.104E+04   0.770E+00   0.991E-01   0.000E+00   0.000E+00
   536   0.100E+03   0.104E+04   0.770E+00   0.991E-01   0.000E+00   0.000E+00
   537   0.100E+03   0.104E+04   0.770E+00   0.991E-01   0.000E+00   0.000E+00
   538   0.100E+03   0.104E+04   0.770E+00   0.991E-01   0.000E+00   0.000E+00
   539   0.100E+03   0.104E+04   0.770E+00   0.991E-01   0.000E+00   0.000E+00
   540   0.100E+03   0.104E+04   0.770E+00   0.991E-01   0.000E+00   0.000E+00
   541   0.100E+03   0.104E+04   0.770E+00   0.991E-01   0.000E+00   0.000E+00
   542   0.100E+03   0.104E+04   0.770E+00   0.991E-01   0.000E+00   0.000E+00
   543   0.100E+03   0.104E+04   0.770E+00   0.991E-01   0.000E+00   0.000E+00
   544   0.100E+03   0.104E+04   0.770E+00   0.991E-01   0.000E+00   0.000E+00
   545   0.100E+03   0.104E+04   0.770E+00   0.991E-01   0.000E+00   0.000E+00
   546   0.100E+03   0.104E+04   0.770E+00   0.991E-01   0.000E+00   0.000E+00
   547   0.100E+03   0.104E+04   0.770E+00   0.991E-01   0.000E+00   0.000E+00
   548   0.100E+03   0.104E+04   0.770E+00   0.991E-01   0.000E+00   0.000E+00
   549   0.100E+03   0.104E+04   0.770E+00   0.991E-01   0.000E+00   0.000E+00
   550   0.100E+03   0.104E+04   0.770E+00   0.991E-01   0.000E+00   0.000E+00
   551   0.100E+03   0.104E+04   0.770E+00   0.991E-01   0.000E+00   0.000E+00
   552   0.100E+03   0.104E+04   0.770E+00   0.991E-01   0.000E+00   0.000E+00
   553   0.100E+03   0.104E+04   0.770E+00   0.991E-01   0.000E+00   0.000E+00
   554   0.100E+03   0.104E+04   0.770E+00   0.991E-01   0.000E+00   0.000E+00
   555   0.100E+03   0.104E+04   0.770E+00   0.991E-01   0.000E+00   0.000E+00
   556   0.100E+03   0.104E+04   0.770E+00   0.991E-01   0.000E+00   0.000E+00
   557   0.100E+03   0.104E+04   0.770E+00   0.991E-01   0.000E+00   0.000E+00
   558   0.100E+03   0.104E+04   0.770E+00   0.991E-01   0.000E+00   0.000E+00
   559   0.100E+03   0.104E+04   0.770E+00   0.991E-01   0.000E+00   0.000E+00
   560   0.100E+03   0.104E+04   0.770E+00   0.991E-01   0.000E+00   0.000E+00
   561   0.100E+03   0.104E+04   0.770E+00   0.991E-01   0.000E+00   0.000E+00
   562   0.100E+03   0.104E+04   0.770E+00   0.991E-01   0.000E+00   0.000E+00
   563   0.100E+03   0.104E+04   0.770E+00   0.991E-01   0.000E+00   0.000E+00
   564   0.100E+03   0.104E+04   0.770E+00   0.991E-01   0.000E+00   0.000E+00
   565   0.100E+03   0.104E+04   0.770E+00   0.991E-01   0.000E+00   0.000E+00
   566   0.100E+03   0.104E+04   0.770E+00   0.991E-01   0.000E+00   0.000E+00
   567   0.100E+03   0.104E+04   0.770E+00   0.991E-01   0.000E+00   0.000E+00
   568   0.100E+03   0.104E+04   0.770E+00   0.991E-01   0.000E+00   0.000E+00
   569   0.100E+03   0.104E+04   0.770E+00   0.991E-01   0.000E+00   0.000E+00
   570   0.100E+03   0.104E+04   0.770E+00   0.991E-01   0.000E+00   0.000E+00
   571   0.100E+03   0.104E+04   0.770E+00   0.991E-01   0.000E+00   0.000E+00
   572   0.100E+03   0.104E+04   0.770E+00   0.991E-01   0.000E+00   0.000E+00
   573   0.100E+03   0.104E+04   0.770E+00   0.991E-01   0.000E+00   0.000E+00
   574   0.100E+03   0.104E+04   0.770E+00   0.991E-01   0.000E+00   0.000E+00
   575   0.100E+03   0.104E+04   0.770E+00   0.991E-01   0.000E+00   0.000E+00
   576   0.100E+03   0.104E+04   0.770E+00   0.991E-01   0.000E+00   0.000E+00
   577   0.100E+03   0.104E+04   0.770E+00   0.991E-01   0.000E+00   0.000E+00
   578   0.100E+03   0.104E+04   0.770E+00   0.991E-01   0.000E+00   0.000E+00
   579   0.100E+03   0.104E+04   0.770E+00   0.991E-01   0.000E+00   0.000E+00
   580   0.100E+03   0.104E+04   0.770E+00   0.991E-01   0.000E+00   0.000E+00
   581   0.100E+03   0.104E+04   0.770E+00   0.991E-01   0.000E+00   0.000E+00
   582   0.100E+03   0.104E+04   0.770E+00   0.991E-01   0.000E+00   0.000E+00
   583   0.100E+03   0.104E+04   0.770E+00   0.991E-01   0.000E+00   0.000E+00
   584   0.100E+03   0.104E+04   0.770E+00   0.991E-01   0.000E+00   0.000E+00
   585   0.100E+03   0.104E+04   0.770E+00   0.991E-01   0.000E+00   0.000E+00
   586   0.100E+03   0.104E+04   0.770E+00   0.991E-01   0.000E+00   0.000E+00
   587   0.100E+03   0.104E+04   0.770E+00   0.991E-01   0.000E+00   0.000E+00
   588   0.100E+03   0.104E+04   0.770E+00   0.991E-01   0.000E+00   0.000E+00
   589   0.100E+03   0.104E+04   0.770E+00   0.991E-01   0.000E+00   0.000E+00
   590   0.100E+03   0.104E+04   0.770E+00   0.991E-01   0.000E+00   0.000E+00
   591   0.100E+03   0.104E+04   0.770E+00   0.991E-01   0.000E+00   0.000E+00
   592   0.100E+03   0.104E+04   0.770E+00   0.991E-01   0.000E+00   0.000E+00
   593   0.100E+03   0.104E+04   0.770E+00   0.991E-01   0.000E+00   0.000E+00
   594   0.100E+03   0.104E+04   0.770E+00   0.991E-01   0.000E+00   0.000E+00
   595   0.100E+03   0.104E+04   0.770E+00   0.991E-01   0.000E+00   0.000E+00
   596   0.100E+03   0.104E+04   0.770E+00   0.991E-01   0.000E+00   0.000E+00
   597   0.100E+03   0.104E+04   0.770E+00   0.991E-01   0.000E+00   0.000E+00
   598   0.100E+03   0.104E+04   0.770E+00   0.991E-01   0.000E+00   0.000E+00
   599   0.100E+03   0.104E+04   0.770E+00   0.991E-01   0.000E+00   0.000E+00
   600   0.100E+03   0.104E+04   0.770E+00   0.991E-01   0.000E+00   0.000E+00
   601   0.100E+03   0.104E+04   0.770E+00   0.991E-01   0.000E+00   0.000E+00
   602   0.100E+03   0.104E+04   0.770E+00   0.991E-01   0.000E+00   0.000E+00
   603   0.100E+03   0.104E+04   0.770E+00   0.991E-01   0.000E+00   0.000E+00
   604   0.100E+03   0.104E+04   0.770E+00   0.991E-01   0.000E+00   0.000E+00
   605   0.100E+03   0.104E+04   0.770E+00   0.991E-01   0.000E+00   0.000E+00
   606   0.100E+03   0.104E+04   0.770E+00   0.991E-01   0.000E+00   0.000E+00
   607   0.100E+03   0.104E+04   0.770E+00   0.991E-01   0.000E+00   0.000E+00
   608   0.100E+03   0.104E+04   0.770E+00   0.991E-01   0.000E+00   0.000E+00
   609   0.100E+03   0.104E+04   0.770E+00   0.991E-01   0.000E+00   0.000E+00
   610   0.100E+03   0.104E+04   0.770E+00   0.991E-01   0.000E+00   0.000E+00
   611   0.100E+03   0.104E+04   0.770E+00   0.991E-01   0.000E+00   0.000E+00
   612   0.100E+03   0.104E+04   0.770E+00   0.991E-01   0.000E+00   0.000E+00
   613   0.100E+03   0.104E+04   0.770E+00   0.991E-01   0.000E+00   0.000E+00
   614   0.100E+03   0.104E+04   0.770E+00   0.991E-01   0.000E+00   0.000E+00
   615   0.100E+03   0.104E+04   0.770E+00   0.991E-01   0.000E+00   0.000E+00
   616   0.100E+03   0.104E+04   0.770E+00   0.991E-01   0.000E+00   0.000E+00
   617   0.100E+03   0.104E+04   0.770E+00   0.991E-01   0.000E+00   0.000E+00
   618   0.100E+03   0.104E+04   0.770E+00   0.991E-01   0.000E+00   0.000E+00
   619   0.100E+03   0.104E+04   0.770E+00   0.991E-01   0.000E+00   0.000E+00
   620   0.100E+03   0.104E+04   0.770E+00   0.991E-01   0.000E+00   0.000E+00
   621   0.100E+03   0.104E+04   0.770E+00   0.991E-01   0.000E+00   0.000E+00
   622   0.100E+03   0.104E+04   0.770E+00   0.991E-01   0.000E+00   0.000E+00
   623   0.100E+03   0.104E+04   0.770E+00   0.991E-01   0.000E+00   0.000E+00
   624   0.100E+03   0.104E+04   0.770E+00   0.991E-01   0.000E+00   0.000E+00
   625   0.100E+03   0.104E+04   0.770E+00   0.991E-01   0.000E+00   0.000E+00
   626   0.100E+03   0.104E+04   0.770E+00   0.991E-01   0.000E+00   0.000E+00
   627   0.100E+03   0.104E+04   0.770E+00   0.991E-01   0.000E+00   0.000E+00
   628   0.100E+03   0.104E+04   0.770E+00   0.991E-01   0.000E+00   0.000E+00
   629   0.100E+03   0.104E+04   0.770E+00   0.991E-01   0.000E+00   0.000E+00
   630   0.100E+03   0.104E+04   0.770E+00   0.991E-01   0.000E+00   0.000E+00
   631   0.100E+03   0.104E+04   0.770E+00   0.991E-01   0.000E+00   0.000E+00
   632   0.100E+03   0.104E+04   0.770E+00   0.991E-01   0.000E+00   0.000E+00
   633   0.100E+03   0.104E+04   0.770E+00   0.991E-01   0.000E+00   0.000E+00
   634   0.100E+03   0.104E+04   0.770E+00   0.991E-01   0.000E+00   0.000E+00
   635   0.100E+03   0.104E+04   0.770E+00   0.991E-01   0.000E+00   0.000E+00
   636   0.100E+03   0.104E+04   0.770E+00   0.991E-01   0.000E+00   0.000E+00
   637   0.100E+03   0.104E+04   0.770E+00   0.991E-01   0.000E+00   0.000E+00
   638   0.100E+03   0.104E+04   0.770E+00   0.991E-01   0.000E+00   0.000E+00
   639   0.100E+03   0.104E+04   0.770E+00   0.991E-01   0.000E+00   0.000E+00
   640   0.100E+03   0.104E+04   0.770E+00   0.991E-01   0.000E+00   0.000E+00
   641   0.100E+03   0.104E+04   0.770E+00   0.991E-01   0.000E+00   0.000E+00
   642   0.100E+03   0.104E+04   0.770E+00   0.991E-01   0.000E+00   0.000E+00
   643   0.100E+03   0.104E+04   0.770E+00   0.991E-01   0.000E+00   0.000E+00
   644   0.100E+03   0.104E+04   0.770E+00   0.991E-01   0.000E+00   0.000E+00
   645   0.100E+03   0.104E+04   0.770E+00   0.991E-01   0.000E+00   0.000E+00
   646   0.100E+03   0.104E+04   0.770E+00   0.991E-01   0.000E+00   0.000E+00
   647   0.100E+03   0.104E+04   0.770E+00   0.991E-01   0.000E+00   0.000E+00
   648   0.100E+03   0.104E+04   0.770E+00   0.991E-01   0.000E+00   0.000E+00
   649   0.100E+03   0.104E+04   0.770E+00   0.991E-01   0.000E+00   0.000E+00
   650   0.100E+03   0.104E+04   0.770E+00   0.991E-01   0.000E+00   0.000E+00
   651   0.100E+03   0.104E+04   0.770E+00   0.991E-01   0.000E+00   0.000E+00
   652   0.100E+03   0.104E+04   0.770E+00   0.991E-01   0.000E+00   0.000E+00
   653   0.100E+03   0.104E+04   0.770E+00   0.991E-01   0.000E+00   0.000E+00
   654   0.100E+03   0.104E+04   0.770E+00   0.991E-01   0.000E+00   0.000E+00
   655   0.100E+03   0.104E+04   0.770E+00   0.991E-01   0.000E+00   0.000E+00
   656   0.100E+03   0.104E+04   0.770E+00   0.991E-01   0.000E+00   0.000E+00
   657   0.100E+03   0.104E+04   0.770E+00   0.991E-01   0.000E+00   0.000E+00
   658   0.100E+03   0.104E+04   0.770E+00   0.991E-01   0.000E+00   0.000E+00
   659   0.100E+03   0.104E+04   0.770E+00   0.991E-01   0.000E+00   0.000E+00
   660   0.100E+03   0.104E+04   0.770E+00   0.991E-01   0.000E+00   0.000E+00
   661   0.100E+03   0.104E+04   0.770E+00   0.991E-01   0.000E+00   0.000E+00
   662   0.100E+03   0.104E+04   0.770E+00   0.991E-01   0.000E+00   0.000E+00
   663   0.100E+03   0.104E+04   0.770E+00   0.991E-01   0.000E+00   0.000E+00
   664   0.100E+03   0.104E+04   0.770E+00   0.991E-01   0.000E+00   0.000E+00
   665   0.100E+03   0.104E+04   0.770E+00   0.991E-01   0.000E+00   0.000E+00
   666   0.100E+03   0.104E+04   0.770E+00   0.991E-01   0.000E+00   0.000E+00
   667   0.100E+03   0.104E+04   0.770E+00   0.991E-01   0.000E+00   0.000E+00
   668   0.100E+03   0.104E+04   0.770E+00   0.991E-01   0.000E+00   0.000E+00
   669   0.100E+03   0.104E+04   0.770E+00   0.991E-01   0.000E+00   0.000E+00
   670   0.100E+03   0.104E+04   0.770E+00   0.991E-01   0.000E+00   0.000E+00
   671   0.100E+03   0.104E+04   0.770E+00   0.991E-01   0.000E+00   0.000E+00
   672   0.100E+03   0.104E+04   0.770E+00   0.991E-01   0.000E+00   0.000E+00
   673   0.100E+03   0.104E+04   0.770E+00   0.991E-01   0.000E+00   0.000E+00
   674   0.100E+03   0.104E+04   0.770E+00   0.991E-01   0.000E+00   0.000E+00
   675   0.100E+03   0.104E+04   0.770E+00   0.991E-01   0.000E+00   0.000E+00
   676   0.100E+03   0.104E+04   0.770E+00   0.991E-01   0.000E+00   0.000E+00
   677   0.100E+03   0.104E+04   0.770E+00   0.991E-01   0.000E+00   0.000E+00
   678   0.100E+03   0.104E+04   0.770E+00   0.991E-01   0.000E+00   0.000E+00
   679   0.100E+03   0.104E+04   0.770E+00   0.991E-01   0.000E+00   0.000E+00
   680   0.100E+03   0.104E+04   0.770E+00   0.991E-01   0.000E+00   0.000E+00
   681   0.100E+03   0.104E+04   0.770E+00   0.991E-01   0.000E+00   0.000E+00
   682   0.100E+03   0.104E+04   0.770E+00   0.991E-01   0.000E+00   0.000E+00
   683   0.100E+03   0.104E+04   0.770E+00   0.991E-01   0.000E+00   0.000E+00
   684   0.100E+03   0.104E+04   0.770E+00   0.991E-01   0.000E+00   0.000E+00
   685   0.100E+03   0.104E+04   0.770E+00   0.991E-01   0.000E+00   0.000E+00
   686   0.100E+03   0.104E+04   0.770E+00   0.991E-01   0.000E+00   0.000E+00
   687   0.100E+03   0.104E+04   0.770E+00   0.991E-01   0.000E+00   0.000E+00
   688   0.100E+03   0.104E+04   0.770E+00   0.991E-01   0.000E+00   0.000E+00
   689   0.100E+03   0.104E+04   0.770E+00   0.991E-01   0.000E+00   0.000E+00
   690   0.100E+03   0.104E+04   0.770E+00   0.991E-01   0.000E+00   0.000E+00
   691   0.100E+03   0.104E+04   0.770E+00   0.991E-01   0.000E+00   0.000E+00
   692   0.100E+03   0.104E+04   0.770E+00   0.991E-01   0.000E+00   0.000E+00
   693   0.100E+03   0.104E+04   0.770E+00   0.991E-01   0.000E+00   0.000E+00
   694   0.100E+03   0.104E+04   0.770E+00   0.991E-01   0.000E+00   0.000E+00
   695   0.100E+03   0.104E+04   0.770E+00   0.991E-01   0.000E+00   0.000E+00
   696   0.100E+03   0.104E+04   0.770E+00   0.991E-01   0.000E+00   0.000E+00
   697   0.100E+03   0.104E+04   0.770E+00   0.991E-01   0.000E+00   0.000E+00
   698   0.100E+03   0.104E+04   0.770E+00   0.991E-01   0.000E+00   0.000E+00
   699   0.100E+03   0.104E+04   0.770E+00   0.991E-01   0.000E+00   0.000E+00
   700   0.100E+03   0.104E+04   0.770E+00   0.991E-01   0.000E+00   0.000E+00
   701   0.100E+03   0.104E+04   0.770E+00   0.991E-01   0.000E+00   0.000E+00
   702   0.100E+03   0.104E+04   0.770E+00   0.991E-01   0.000E+00   0.000E+00
   703   0.100E+03   0.104E+04   0.770E+00   0.991E-01   0.000E+00   0.000E+00
   704   0.100E+03   0.104E+04   0.770E+00   0.991E-01   0.000E+00   0.000E+00
   705   0.100E+03   0.104E+04   0.770E+00   0.991E-01   0.000E+00   0.000E+00
   706   0.100E+03   0.104E+04   0.770E+00   0.991E-01   0.000E+00   0.000E+00
   707   0.100E+03   0.104E+04   0.770E+00   0.991E-01   0.000E+00   0.000E+00
   708   0.100E+03   0.104E+04   0.770E+00   0.991E-01   0.000E+00   0.000E+00
   709   0.100E+03   0.104E+04   0.770E+00   0.991E-01   0.000E+00   0.000E+00
   710   0.100E+03   0.104E+04   0.770E+00   0.991E-01   0.000E+00   0.000E+00
   711   0.100E+03   0.104E+04   0.770E+00   0.991E-01   0.000E+00   0.000E+00
   712   0.100E+03   0.104E+04   0.770E+00   0.991E-01   0.000E+00   0.000E+00
   713   0.100E+03   0.104E+04   0.770E+00   0.991E-01   0.000E+00   0.000E+00
   714   0.100E+03   0.104E+04   0.770E+00   0.991E-01   0.000E+00   0.000E+00
   715   0.100E+03   0.104E+04   0.770E+00   0.991E-01   0.000E+00   0.000E+00
   716   0.100E+03   0.104E+04   0.770E+00   0.991E-01   0.000E+00   0.000E+00
   717   0.100E+03   0.104E+04   0.770E+00   0.991E-01   0.000E+00   0.000E+00
   718   0.100E+03   0.104E+04   0.770E+00   0.991E-01   0.000E+00   0.000E+00
   719   0.100E+03   0.104E+04   0.770E+00   0.991E-01   0.000E+00   0.000E+00
   720   0.100E+03   0.104E+04   0.770E+00   0.991E-01   0.000E+00   0.000E+00
   721   0.100E+03   0.104E+04   0.770E+00   0.991E-01   0.000E+00   0.000E+00
   722   0.100E+03   0.104E+04   0.770E+00   0.991E-01   0.000E+00   0.000E+00
   723   0.100E+03   0.104E+04   0.770E+00   0.991E-01   0.000E+00   0.000E+00
   724   0.100E+03   0.104E+04   0.770E+00   0.991E-01   0.000E+00   0.000E+00
   725   0.100E+03   0.104E+04   0.770E+00   0.991E-01   0.000E+00   0.000E+00
   726   0.100E+03   0.104E+04   0.770E+00   0.991E-01   0.000E+00   0.000E+00
   727   0.100E+03   0.104E+04   0.770E+00   0.991E-01   0.000E+00   0.000E+00
   728   0.100E+03   0.104E+04   0.770E+00   0.991E-01   0.000E+00   0.000E+00
   729   0.100E+03   0.104E+04   0.770E+00   0.991E-01   0.000E+00   0.000E+00
   730   0.100E+03   0.104E+04   0.770E+00   0.991E-01   0.000E+00   0.000E+00
   731   0.100E+03   0.104E+04   0.770E+00   0.991E-01   0.000E+00   0.000E+00
   732   0.100E+03   0.104E+04   0.770E+00   0.991E-01   0.000E+00   0.000E+00
   733   0.100E+03   0.104E+04   0.770E+00   0.991E-01   0.000E+00   0.000E+00
   734   0.100E+03   0.104E+04   0.770E+00   0.991E-01   0.000E+00   0.000E+00
   735   0.100E+03   0.104E+04   0.770E+00   0.991E-01   0.000E+00   0.000E+00
   736   0.100E+03   0.104E+04   0.770E+00   0.991E-01   0.000E+00   0.000E+00
   737   0.100E+03   0.104E+04   0.770E+00   0.991E-01   0.000E+00   0.000E+00
   738   0.100E+03   0.104E+04   0.770E+00   0.991E-01   0.000E+00   0.000E+00
   739   0.100E+03   0.104E+04   0.770E+00   0.991E-01   0.000E+00   0.000E+00
   740   0.100E+03   0.104E+04   0.770E+00   0.991E-01   0.000E+00   0.000E+00
   741   0.100E+03   0.104E+04   0.770E+00   0.991E-01   0.000E+00   0.000E+00
   742   0.100E+03   0.104E+04   0.770E+00   0.991E-01   0.000E+00   0.000E+00
   743   0.100E+03   0.104E+04   0.770E+00   0.991E-01   0.000E+00   0.000E+00
   744   0.100E+03   0.104E+04   0.770E+00   0.991E-01   0.000E+00   0.000E+00
   745   0.100E+03   0.104E+04   0.770E+00   0.991E-01   0.000E+00   0.000E+00
   746   0.100E+03   0.104E+04   0.770E+00   0.991E-01   0.000E+00   0.000E+00
   747   0.100E+03   0.104E+04   0.770E+00   0.991E-01   0.000E+00   0.000E+00
   748   0.100E+03   0.104E+04   0.770E+00   0.991E-01   0.000E+00   0.000E+00
   749   0.100E+03   0.104E+04   0.770E+00   0.991E-01   0.000E+00   0.000E+00
   750   0.100E+03   0.104E+04   0.770E+00   0.991E-01   0.000E+00   0.000E+00
   751   0.100E+03   0.104E+04   0.770E+00   0.991E-01   0.000E+00   0.000E+00
   752   0.100E+03   0.104E+04   0.770E+00   0.991E-01   0.000E+00   0.000E+00
   753   0.100E+03   0.104E+04   0.770E+00   0.991E-01   0.000E+00   0.000E+00
   754   0.100E+03   0.104E+04   0.770E+00   0.991E-01   0.000E+00   0.000E+00
   755   0.100E+03   0.104E+04   0.770E+00   0.991E-01   0.000E+00   0.000E+00
   756   0.100E+03   0.104E+04   0.770E+00   0.991E-01   0.000E+00   0.000E+00
   757   0.100E+03   0.104E+04   0.770E+00   0.991E-01   0.000E+00   0.000E+00
   758   0.100E+03   0.104E+04   0.770E+00   0.991E-01   0.000E+00   0.000E+00
   759   0.100E+03   0.104E+04   0.770E+00   0.991E-01   0.000E+00   0.000E+00
   760   0.100E+03   0.104E+04   0.770E+00   0.991E-01   0.000E+00   0.000E+00
   761   0.100E+03   0.104E+04   0.770E+00   0.991E-01   0.000E+00   0.000E+00
   762   0.100E+03   0.104E+04   0.770E+00   0.991E-01   0.000E+00   0.000E+00
   763   0.100E+03   0.104E+04   0.770E+00   0.991E-01   0.000E+00   0.000E+00
   764   0.100E+03   0.104E+04   0.770E+00   0.991E-01   0.000E+00   0.000E+00
   765   0.100E+03   0.104E+04   0.770E+00   0.991E-01   0.000E+00   0.000E+00
   766   0.100E+03   0.104E+04   0.770E+00   0.991E-01   0.000E+00   0.000E+00
   767   0.100E+03   0.104E+04   0.770E+00   0.991E-01   0.000E+00   0.000E+00
   768   0.100E+03   0.104E+04   0.770E+00   0.991E-01   0.000E+00   0.000E+00
   769   0.100E+03   0.104E+04   0.770E+00   0.991E-01   0.000E+00   0.000E+00
   770   0.100E+03   0.104E+04   0.770E+00   0.991E-01   0.000E+00   0.000E+00
   771   0.100E+03   0.104E+04   0.770E+00   0.991E-01   0.000E+00   0.000E+00
   772   0.100E+03   0.104E+04   0.770E+00   0.991E-01   0.000E+00   0.000E+00
   773   0.100E+03   0.104E+04   0.770E+00   0.991E-01   0.000E+00   0.000E+00
   774   0.100E+03   0.104E+04   0.770E+00   0.991E-01   0.000E+00   0.000E+00
   775   0.100E+03   0.104E+04   0.770E+00   0.991E-01   0.000E+00   0.000E+00
   776   0.100E+03   0.104E+04   0.770E+00   0.991E-01   0.000E+00   0.000E+00
   777   0.100E+03   0.104E+04   0.770E+00   0.991E-01   0.000E+00   0.000E+00
   778   0.100E+03   0.104E+04   0.770E+00   0.991E-01   0.000E+00   0.000E+00
   779   0.100E+03   0.104E+04   0.770E+00   0.991E-01   0.000E+00   0.000E+00
   780   0.100E+03   0.104E+04   0.770E+00   0.991E-01   0.000E+00   0.000E+00
   781   0.100E+03   0.104E+04   0.770E+00   0.991E-01   0.000E+00   0.000E+00
   782   0.100E+03   0.104E+04   0.770E+00   0.991E-01   0.000E+00   0.000E+00
   783   0.100E+03   0.104E+04   0.770E+00   0.991E-01   0.000E+00   0.000E+00
   784   0.100E+03   0.104E+04   0.770E+00   0.991E-01   0.000E+00   0.000E+00
   785   0.100E+03   0.104E+04   0.770E+00   0.991E-01   0.000E+00   0.000E+00
   786   0.100E+03   0.104E+04   0.770E+00   0.991E-01   0.000E+00   0.000E+00
   787   0.100E+03   0.104E+04   0.770E+00   0.991E-01   0.000E+00   0.000E+00
   788   0.100E+03   0.104E+04   0.770E+00   0.991E-01   0.000E+00   0.000E+00
   789   0.100E+03   0.104E+04   0.770E+00   0.991E-01   0.000E+00   0.000E+00
   790   0.100E+03   0.104E+04   0.770E+00   0.991E-01   0.000E+00   0.000E+00
   791   0.100E+03   0.104E+04   0.770E+00   0.991E-01   0.000E+00   0.000E+00
   792   0.100E+03   0.104E+04   0.770E+00   0.991E-01   0.000E+00   0.000E+00
   793   0.100E+03   0.104E+04   0.770E+00   0.991E-01   0.000E+00   0.000E+00
   794   0.100E+03   0.104E+04   0.770E+00   0.991E-01   0.000E+00   0.000E+00
   795   0.100E+03   0.104E+04   0.770E+00   0.991E-01   0.000E+00   0.000E+00
   796   0.100E+03   0.104E+04   0.770E+00   0.991E-01   0.000E+00   0.000E+00
   797   0.100E+03   0.104E+04   0.770E+00   0.991E-01   0.000E+00   0.000E+00
   798   0.100E+03   0.104E+04   0.770E+00   0.991E-01   0.000E+00   0.000E+00
   799   0.100E+03   0.104E+04   0.770E+00   0.991E-01   0.000E+00   0.000E+00
   800   0.100E+03   0.104E+04   0.770E+00   0.991E-01   0.000E+00   0.000E+00
   801   0.100E+03   0.104E+04   0.770E+00   0.991E-01   0.000E+00   0.000E+00
   802   0.100E+03   0.104E+04   0.770E+00   0.991E-01   0.000E+00   0.000E+00
   803   0.100E+03   0.104E+04   0.770E+00   0.991E-01   0.000E+00   0.000E+00
   804   0.100E+03   0.104E+04   0.770E+00   0.991E-01   0.000E+00   0.000E+00
