# step           OCL           OBL   coupled_OBL uncoupled_OBL
     1          0.00          1.34          0.00          1.34
     2         10.93          1.42          0.00          1.42
     3         20.45          0.10          0.00          0.10
     4         23.51          0.03          0.00          0.03
     5         23.82          0.05          0.02          0.03
     6         24.62          0.08          0.03          0.05
     7         24.63          0.08          0.05          0.03
     8         23.73          0.20          0.15          0.05
     9         21.08          0.30          0.27          0.03
    10         19.32          0.61          0.59          0.02
    11         18.25          0.93          0.91          0.02
    12         18.48          1.28          1.27          0.02
    13         17.83          1.72          1.69          0.03
    14         18.20          2.08          2.01          0.07
    15         18.03          2.37          2.27          0.10
    16         16.99          2.68          2.59          0.08
    17         16.58          3.12          3.05          0.07
    18         15.23          3.80          3.68          0.12
    19         15.41          4.33          4.23          0.10
    20         15.96          4.72          4.62          0.10
    21         15.63          5.27          5.19          0.09
    22         13.67          5.74          5.67          0.07
    23         12.51          6.30          6.24          0.07
    24         12.75          6.96          6.90          0.07
    25         12.75          7.89          7.84          0.05
    26         12.54          8.79          8.74          0.05
    27         11.49          9.59          9.54          0.05
    28         11.60         10.67         10.61          0.07
    29         10.78         11.82         11.77          0.05
    30          9.83         13.20         13.08          0.12
    31         10.25         14.43         14.28          0.15
    32          8.84         15.71         15.58          0.14
    33          7.99         16.71         16.66          0.05
    34          8.39         17.75         17.70          0.05
    35          9.15         18.90         18.85          0.05
    36          8.72         19.92         19.84          0.09
    37          7.16         20.85         20.79          0.07
    38          6.09         21.90         21.79          0.10
    39          6.46         23.21         23.07          0.14
    40          6.57         24.15         24.01          0.14
    41          6.44         24.93         24.81          0.12
    42          6.65         25.56         25.43          0.14
    43          5.71         26.09         25.93          0.15
    44          4.88         26.26         26.11          0.15
    45          4.71         26.64         26.47          0.17
    46          4.35         26.75         26.53          0.22
    47          4.13         27.02         26.75          0.28
    48          3.68         26.55         26.26          0.29
    49          3.84         26.77         26.50          0.27
    50          3.65         26.03         25.70          0.33
    51          3.67         25.62         25.31          0.31
    52          3.79         25.48         25.14          0.34
    53          3.27         24.76         24.43          0.33
    54          3.63         24.66         24.28          0.38
    55          4.41         23.95         23.49          0.46
    56          3.62         23.33         22.77          0.56
    57          3.21         22.54         22.03          0.51
    58          4.39         21.77         21.29          0.48
    59          4.27         21.62         21.22          0.39
    60          4.89         20.74         20.30          0.44
    61          4.89         19.84         19.38          0.46
    62          4.70         19.30         18.84          0.46
    63          5.07         18.50         18.11          0.39
    64          5.20         18.00         17.70          0.31
    65          5.23         17.53         17.25          0.27
    66          6.44         16.59         16.29          0.31
    67          7.39         15.74         15.43          0.31
    68          7.10         15.40         15.09          0.31
    69          6.49         15.20         14.90          0.31
    70          7.29         14.66         14.43          0.22
    71          7.44         14.36         14.19          0.17
    72          8.02         13.76         13.57          0.19
    73          8.01         13.54         13.37          0.17
    74          8.77         13.42         13.28          0.14
    75          8.43         13.24         13.07          0.17
    76          8.27         13.05         12.93          0.12
    77          8.63         12.92         12.78          0.14
    78          8.68         12.92         12.73          0.19
    79          8.10         13.14         12.92          0.22
    80          7.94         12.82         12.65          0.17
    81          7.54         12.75         12.59          0.15
    82          7.92         12.84         12.66          0.17
    83          8.18         12.89         12.72          0.17
    84          7.64         12.79         12.67          0.12
    85          7.94         12.80         12.68          0.12
    86          8.87         12.92         12.80          0.12
    87          8.28         12.97         12.89          0.09
    88          8.70         13.24         13.15          0.09
    89          9.06         13.67         13.58          0.09
    90          8.51         13.78         13.68          0.10
    91          7.58         14.45         14.32          0.14
    92          8.30         14.99         14.84          0.15
    93          8.48         15.04         14.94          0.10
    94          8.08         15.69         15.60          0.09
    95          6.57         15.78         15.73          0.05
    96          6.25         16.92         16.82          0.10
    97          6.90         17.63         17.53          0.10
    98          6.88         18.23         18.08          0.15
    99          6.19         18.72         18.46          0.26
   100          5.73         18.92         18.63          0.29
   101          5.74         19.46         19.19          0.28
   102          5.76         19.75         19.55          0.21
   103          6.20         20.11         19.90          0.21
   104          5.84         20.02         19.80          0.22
   105          5.32         20.30         20.06          0.24
   106          6.61         20.50         20.21          0.29
   107          6.47         19.87         19.54          0.33
   108          6.12         20.04         19.75          0.29
   109          6.14         19.89         19.56          0.33
   110          5.78         19.93         19.59          0.34
   111          6.79         19.84         19.55          0.29
   112          5.75         19.52         19.25          0.27
   113          5.14         19.60         19.33          0.27
   114          5.73         19.52         19.23          0.29
   115          5.50         19.50         19.24          0.26
   116          6.19         19.40         19.23          0.17
   117          5.42         19.44         19.26          0.17
   118          5.35         19.54         19.32          0.22
   119          5.57         19.55         19.26          0.29
   120          5.86         19.44         19.11          0.32
   121          5.83         19.40         19.04          0.36
   122          4.99         19.04         18.73          0.31
   123          5.84         18.66         18.47          0.19
   124          5.80         18.58         18.33          0.26
   125          5.57         18.41         18.07          0.34
   126          6.30         18.34         18.04          0.31
   127          5.42         18.11         17.86          0.26
   128          6.17         17.80         17.65          0.15
   129          6.91         17.85         17.63          0.22
   130          6.60         17.45         17.22          0.24
   131          6.59         16.72         16.43          0.29
   132          6.84         16.19         15.93          0.26
   133          6.09         16.00         15.83          0.17
   134          5.73         15.87         15.65          0.22
   135          6.11         15.56         15.30          0.26
   136          6.32         15.36         15.10          0.26
   137          6.88         15.05         14.79          0.26
   138          8.03         15.01         14.73          0.27
   139          7.84         15.62         15.38          0.24
   140          6.95         15.86         15.62          0.24
   141          6.73         16.11         15.89          0.22
   142          6.86         16.02         15.90          0.12
   143          7.74         15.81         15.61          0.21
   144          8.34         15.88         15.56          0.33
   145          7.91         15.69         15.42          0.27
   146          8.29         15.55         15.36          0.19
   147          8.60         15.58         15.41          0.17
   148          8.06         15.31         15.09          0.22
   149          7.78         15.23         14.95          0.27
   150          8.03         15.57         15.33          0.24
   151          7.47         15.46         15.33          0.14
   152          6.85         15.37         15.20          0.17
   153          6.94         15.25         15.08          0.17
   154          7.55         15.61         15.50          0.10
   155          7.47         15.81         15.68          0.14
   156          6.89         16.22         16.03          0.19
   157          6.22         16.38         16.13          0.26
   158          7.56         16.81         16.55          0.26
   159          8.79         17.15         16.81          0.34
   160          8.03         17.18         16.85          0.33
   161          6.50         17.59         17.26          0.33
   162          6.70         17.63         17.32          0.31
   163          5.90         17.88         17.66          0.22
   164          5.58         18.29         18.02          0.27
   165          6.69         18.38         18.12          0.26
   166          7.20         18.50         18.26          0.24
   167          6.33         18.83         18.59          0.24
   168          6.45         18.79         18.57          0.22
   169          6.03         19.21         19.00          0.21
   170          6.59         19.43         19.21          0.22
   171          6.47         18.99         18.65          0.34
   172          6.50         19.29         18.98          0.31
   173          6.17         19.35         19.06          0.29
   174          5.29         19.71         19.47          0.24
   175          4.84         19.38         19.21          0.17
   176          5.16         18.99         18.82          0.17
   177          5.49         19.14         18.86          0.27
   178          6.31         18.63         18.34          0.29
   179          6.81         18.24         18.00          0.24
   180          6.18         18.05         17.81          0.24
   181          5.68         18.04         17.77          0.27
   182          5.42         17.96         17.61          0.34
   183          5.51         17.54         17.25          0.29
   184          5.76         17.82         17.44          0.38
   185          6.61         17.93         17.54          0.39
   186          7.07         17.56         17.16          0.39
   187          7.48         17.15         16.77          0.38
   188          7.04         16.42         16.18          0.24
   189          6.13         16.17         15.91          0.26
   190          6.90         15.36         15.13          0.22
   191          6.99         15.41         15.11          0.31
   192          6.92         15.20         14.84          0.36
   193          6.47         15.36         14.95          0.41
   194          7.01         15.36         14.91          0.45
   195          7.87         15.19         14.82          0.38
   196          7.73         15.09         14.80          0.29
   197          7.64         15.74         15.43          0.31
   198          7.74         15.88         15.51          0.38
   199          8.37         15.94         15.55          0.39
   200          7.39         15.92         15.58          0.34
   201          7.02         15.27         15.06          0.21
   202          7.15         15.49         15.27          0.22
   203          7.38         15.34         15.16          0.19
   204          7.15         15.05         14.86          0.19
   205          6.63         14.82         14.61          0.21
   206          7.18         14.72         14.53          0.19
   207          6.92         14.69         14.47          0.22
   208          7.15         14.68         14.44          0.24
   209          7.81         14.59         14.34          0.24
   210          7.99         14.48         14.34          0.14
   211          7.78         14.22         14.08          0.14
   212          8.56         14.38         14.19          0.19
   213          7.92         14.49         14.31          0.17
   214          7.99         14.65         14.53          0.12
   215          7.44         14.64         14.50          0.14
   216          7.46         14.76         14.57          0.19
   217          8.00         15.17         14.97          0.21
   218          8.58         15.24         15.03          0.21
   219          8.38         15.61         15.46          0.16
   220          7.74         16.23         16.09          0.14
   221          7.18         16.29         16.10          0.19
   222          7.01         16.43         16.17          0.26
   223          7.32         16.38         16.11          0.28
   224          7.74         16.78         16.52          0.26
   225          7.28         17.08         16.87          0.21
   226          6.82         17.05         16.89          0.16
   227          6.62         17.09         16.95          0.14
   228          6.31         17.44         17.25          0.19
   229          6.41         17.52         17.33          0.19
   230          5.82         17.69         17.48          0.21
   231          6.66         17.68         17.47          0.21
   232          6.61         17.78         17.64          0.14
   233          5.62         17.88         17.70          0.17
   234          6.61         17.52         17.36          0.16
   235          6.57         18.11         17.94          0.17
   236          5.43         18.63         18.47          0.16
   237          5.55         18.96         18.82          0.14
   238          5.63         19.42         19.25          0.17
   239          5.47         19.71         19.47          0.24
   240          5.37         19.84         19.67          0.17
   241          5.52         19.93         19.81          0.12
   242          5.73         20.32         20.15          0.17
   243          6.09         20.41         20.20          0.21
   244          5.80         20.40         20.14          0.26
   245          5.35         20.15         19.89          0.26
   246          5.18         19.71         19.51          0.21
   247          6.19         19.71         19.50          0.21
   248          6.31         20.18         19.99          0.19
   249          5.30         20.07         19.79          0.28
   250          5.59         19.77         19.43          0.34
   251          5.95         19.67         19.31          0.36
   252          5.05         19.35         18.96          0.40
   253          4.86         19.42         18.90          0.52
   254          4.80         19.24         18.76          0.48
   255          4.89         18.70         18.32          0.38
   256          5.51         18.21         17.82          0.39
   257          6.01         17.73         17.37          0.36
   258          6.04         17.55         17.24          0.31
   259          6.65         17.24         16.95          0.29
   260          6.32         16.94         16.75          0.19
   261          6.23         17.21         16.98          0.22
   262          5.62         17.13         16.87          0.26
   263          5.79         17.02         16.73          0.29
   264          6.58         16.64         16.31          0.33
   265          6.28         16.49         16.16          0.33
   266          7.11         16.18         15.89          0.29
   267          7.63         15.55         15.33          0.22
   268          7.59         15.56         15.29          0.27
   269          7.29         15.26         15.07          0.19
   270          7.04         15.50         15.33          0.17
   271          6.14         15.39         15.10          0.29
   272          6.95         15.23         14.97          0.26
   273          8.28         14.99         14.85          0.14
   274          8.28         14.88         14.71          0.17
   275          7.73         14.49         14.27          0.22
   276          7.84         14.41         14.19          0.22
   277          7.65         14.39         14.17          0.22
   278          6.93         14.49         14.34          0.15
   279          6.65         14.47         14.35          0.12
   280          7.17         14.44         14.32          0.12
   281          6.69         14.26         14.12          0.14
   282          7.18         14.41         14.22          0.19
   283          7.61         14.32         14.16          0.15
   284          7.41         14.85         14.69          0.15
   285          7.15         15.73         15.61          0.12
   286          7.41         16.00         15.86          0.14
   287          7.79         16.28         16.16          0.12
   288          7.46         16.62         16.55          0.07
   289          6.50         16.98         16.89          0.09
   290          6.71         16.97         16.83          0.14
   291          7.05         16.98         16.83          0.15
   292          5.75         16.93         16.74          0.19
   293          6.23         17.14         16.86          0.27
   294          6.76         17.10         16.86          0.24
   295          6.52         17.42         17.21          0.21
   296          5.76         17.41         17.22          0.19
   297          6.34         17.69         17.48          0.21
   298          6.46         17.98         17.78          0.21
   299          6.15         17.97         17.74          0.22
   300          6.41         17.98         17.71          0.27
   301          6.35         17.57         17.35          0.22
   302          5.62         17.63         17.45          0.17
   303          5.55         18.00         17.81          0.19
   304          6.10         18.40         18.22          0.17
   305          5.98         18.55         18.34          0.21
   306          6.39         18.45         18.31          0.14
   307          6.83         18.94         18.75          0.19
   308          6.51         18.74         18.57          0.17
   309          6.04         19.09         18.89          0.21
   310          6.04         18.89         18.60          0.29
   311          6.88         18.49         18.21          0.27
   312          6.87         18.60         18.33          0.27
   313          6.74         18.36         18.07          0.29
   314          6.76         18.21         17.94          0.27
   315          6.32         17.66         17.42          0.24
   316          6.53         17.63         17.42          0.20
   317          6.85         17.75         17.52          0.24
   318          7.04         17.69         17.44          0.26
   319          5.99         17.42         17.13          0.29
   320          6.76         17.24         16.95          0.29
   321          6.83         16.77         16.39          0.38
   322          6.18         16.25         15.96          0.29
   323          5.91         15.66         15.32          0.34
   324          6.07         16.23         15.87          0.36
   325          6.75         15.97         15.68          0.29
   326          6.51         15.57         15.23          0.34
   327          6.49         15.23         14.81          0.41
   328          6.78         15.16         14.71          0.45
   329          6.64         15.12         14.80          0.33
   330          6.50         15.28         15.05          0.22
   331          7.64         15.44         15.20          0.24
   332          7.97         15.47         15.19          0.27
   333          7.10         15.44         15.11          0.33
   334          6.95         15.62         15.31          0.31
   335          7.04         15.68         15.42          0.26
   336          6.80         15.76         15.52          0.24
   337          6.57         16.05         15.82          0.22
   338          6.94         16.09         15.87          0.22
   339          6.51         15.96         15.77          0.19
   340          6.67         16.40         16.13          0.27
   341          6.98         16.47         16.18          0.29
   342          6.73         16.28         16.02          0.26
   343          6.26         16.78         16.52          0.26
   344          6.98         16.80         16.52          0.27
   345          7.35         17.05         16.76          0.29
   346          5.68         17.24         16.98          0.26
   347          6.15         17.57         17.30          0.27
   348          6.05         17.69         17.45          0.24
   349          5.87         17.61         17.41          0.21
   350          5.78         17.23         17.03          0.21
   351          6.02         17.25         17.08          0.17
   352          5.78         16.93         16.83          0.10
   353          6.40         16.62         16.48          0.14
   354          6.63         16.46         16.29          0.17
   355          6.86         16.14         16.04          0.10
   356          6.73         15.93         15.83          0.10
   357          6.49         16.08         15.98          0.10
   358          6.57         16.45         16.33          0.12
   359          6.09         16.98         16.78          0.21
   360          6.41         17.16         16.92          0.24
   361          6.67         17.44         17.18          0.26
   362          6.84         17.57         17.38          0.19
   363          6.67         17.14         16.89          0.26
   364          6.41         17.11         16.77          0.34
   365          6.07         16.53         16.22          0.31
   366          6.25         16.34         16.05          0.29
   367          5.90         16.07         15.78          0.29
   368          5.77         16.06         15.79          0.27
   369          6.92         16.21         15.96          0.26
   370          7.11         16.54         16.32          0.22
   371          6.55         16.69         16.54          0.15
   372          6.99         16.56         16.37          0.19
   373          6.75         16.42         16.24          0.19
   374          7.15         16.54         16.36          0.17
   375          7.58         16.73         16.58          0.15
   376          7.76         17.03         16.82          0.21
   377          7.08         17.11         16.89          0.22
   378          6.93         17.11         16.94          0.17
   379          6.43         17.11         16.89          0.22
   380          6.22         17.57         17.38          0.19
   381          6.74         17.63         17.41          0.22
   382          6.25         17.78         17.54          0.24
   383          6.14         17.83         17.63          0.21
   384          6.93         17.73         17.49          0.24
   385          6.39         17.28         17.04          0.24
   386          7.41         17.37         17.13          0.24
   387          6.97         17.14         16.90          0.24
   388          6.47         17.00         16.74          0.26
   389          6.81         16.79         16.55          0.24
   390          6.91         16.41         16.21          0.21
   391          7.16         16.66         16.40          0.26
   392          6.87         16.34         16.06          0.27
   393          6.14         16.75         16.40          0.34
   394          6.57         16.86         16.50          0.36
   395          7.10         17.00         16.68          0.33
   396          7.16         16.81         16.52          0.29
   397          6.51         16.62         16.40          0.22
   398          5.89         16.41         16.17          0.24
   399          6.33         16.49         16.29          0.21
   400          6.74         16.68         16.49          0.19
   401          6.54         16.36         16.11          0.26
   402          6.10         16.61         16.31          0.29
   403          7.46         16.53         16.29          0.24
   404          6.77         17.07         16.86          0.21
   405          7.20         16.96         16.82          0.14
   406          7.35         16.72         16.56          0.16
   407          6.75         16.49         16.27          0.22
   408          6.59         16.65         16.42          0.22
   409          6.83         16.37         16.21          0.16
   410          6.59         16.68         16.49          0.19
   411          6.81         16.83         16.64          0.19
   412          6.42         17.56         17.42          0.14
   413          6.72         18.10         17.84          0.26
   414          7.30         18.25         17.92          0.33
   415          7.44         18.02         17.66          0.36
   416          7.64         17.32         17.01          0.31
   417          7.42         16.72         16.46          0.26
   418          6.26         17.04         16.78          0.26
   419          5.75         16.57         16.39          0.17
   420          5.04         17.12         16.93          0.19
   421          6.58         17.20         16.98          0.22
   422          7.11         17.28         17.08          0.21
   423          6.36         17.67         17.49          0.17
   424          5.76         18.01         17.82          0.19
   425          5.35         17.68         17.49          0.19
   426          6.52         17.55         17.37          0.17
   427          6.63         17.40         17.19          0.21
   428          6.66         17.11         16.85          0.26
   429          6.83         17.06         16.87          0.19
   430          5.73         17.39         17.16          0.22
   431          6.04         17.39         17.16          0.22
   432          6.64         17.33         17.09          0.24
   433          6.96         17.10         16.91          0.19
   434          6.35         16.90         16.71          0.19
   435          6.43         17.02         16.81          0.21
   436          5.67         16.95         16.60          0.35
   437          6.04         16.91         16.47          0.43
   438          6.21         16.89         16.44          0.45
   439          6.16         17.18         16.78          0.40
   440          6.07         17.03         16.77          0.26
   441          6.46         17.40         17.12          0.28
   442          7.08         17.23         16.99          0.24
   443          7.17         17.12         16.88          0.24
   444          6.67         17.08         16.85          0.22
   445          6.41         16.93         16.76          0.17
   446          6.62         16.90         16.73          0.17
   447          6.34         17.09         16.90          0.19
   448          6.51         16.88         16.74          0.14
   449          6.26         16.87         16.75          0.12
   450          5.48         17.21         17.09          0.12
   451          5.98         17.44         17.27          0.17
   452          6.26         17.29         17.13          0.16
   453          6.33         17.59         17.40          0.19
   454          6.83         17.51         17.29          0.22
   455          7.34         17.12         16.85          0.28
   456          7.16         17.06         16.80          0.26
   457          6.70         17.22         16.93          0.29
   458          6.10         17.31         16.98          0.33
   459          5.94         17.41         17.10          0.31
   460          5.59         17.47         17.16          0.31
   461          5.68         17.64         17.40          0.24
   462          6.60         17.93         17.71          0.23
   463          6.90         18.31         18.01          0.29
   464          5.80         18.02         17.74          0.28
   465          5.65         17.73         17.43          0.29
   466          6.40         17.63         17.40          0.23
   467          6.17         17.44         17.25          0.19
   468          5.82         17.24         17.07          0.17
   469          5.89         17.11         16.93          0.17
   470          5.98         17.25         17.07          0.17
   471          6.27         17.20         17.04          0.16
   472          6.32         17.03         16.81          0.23
   473          6.64         16.92         16.68          0.24
   474          6.52         17.56         17.30          0.26
   475          6.45         17.30         17.01          0.30
   476          6.71         17.06         16.78          0.28
   477          6.05         17.08         16.78          0.30
   478          6.31         17.30         17.04          0.26
   479          6.33         17.25         17.02          0.23
   480          6.26         17.38         17.12          0.26
   481          5.93         17.39         17.04          0.35
   482          5.95         17.67         17.25          0.42
   483          5.71         17.68         17.21          0.47
   484          6.49         17.46         16.99          0.47
   485          6.85         17.55         17.16          0.38
   486          7.14         17.36         17.01          0.35
   487          7.44         16.90         16.52          0.38
   488          6.61         16.36         16.01          0.35
   489          5.67         16.48         16.16          0.31
   490          6.33         16.51         16.11          0.40
   491          7.22         15.82         15.51          0.31
   492          6.31         16.02         15.76          0.26
   493          5.17         16.00         15.72          0.28
   494          5.76         16.02         15.74          0.28
   495          5.87         16.09         15.78          0.31
   496          6.65         16.43         16.03          0.40
   497          6.29         16.79         16.41          0.38
   498          6.44         16.65         16.26          0.38
   499          6.96         16.50         16.20          0.30
   500          6.98         16.38         16.07          0.31
   501          6.51         16.54         16.21          0.33
   502          7.24         16.79         16.51          0.28
   503          6.97         16.88         16.57          0.31
   504          5.90         16.90         16.62          0.28
   505          5.48         16.92         16.66          0.26
   506          6.67         16.99         16.68          0.31
   507          7.20         16.93         16.69          0.24
   508          7.25         16.58         16.34          0.24
   509          6.49         16.51         16.23          0.28
   510          6.92         16.40         16.10          0.29
   511          7.96         15.98         15.74          0.24
   512          7.45         15.47         15.31          0.16
   513          6.74         15.14         14.94          0.21
   514          7.29         15.16         14.90          0.26
   515          6.73         15.21         15.00          0.21
   516          6.75         15.20         15.09          0.10
   517          6.72         15.54         15.41          0.12
   518          6.99         15.40         15.26          0.14
   519          6.46         15.15         14.98          0.17
   520          6.46         15.06         14.87          0.19
   521          6.76         15.21         14.98          0.23
   522          6.28         15.32         15.16          0.16
   523          6.56         15.95         15.71          0.24
   524          6.63         16.39         16.13          0.26
   525          6.59         16.48         16.22          0.26
   526          7.60         16.62         16.40          0.23
   527          7.65         16.59         16.46          0.12
   528          7.13         16.74         16.70          0.03
   529          8.00         16.86         16.74          0.12
   530          7.47         16.91         16.72          0.19
   531          6.88         17.38         17.12          0.26
   532          7.51         17.23         17.00          0.23
   533          7.34         17.08         16.89          0.19
   534          6.59         16.76         16.55          0.21
   535          6.02         16.84         16.60          0.24
   536          6.25         17.10         16.92          0.17
   537          6.34         17.61         17.40          0.21
   538          6.72         17.64         17.40          0.24
   539          6.62         17.48         17.22          0.26
   540          6.58         17.45         17.17          0.28
   541          6.81         17.78         17.45          0.33
   542          7.00         17.67         17.39          0.28
   543          6.72         18.05         17.76          0.30
   544          6.58         17.91         17.65          0.26
   545          7.00         17.85         17.64          0.21
   546          7.06         17.87         17.71          0.16
   547          5.85         17.74         17.58          0.16
   548          5.93         17.57         17.37          0.19
   549          5.89         17.70         17.44          0.26
   550          5.75         17.53         17.25          0.28
   551          6.19         17.33         17.12          0.21
   552          6.36         17.15         16.94          0.21
   553          6.79         17.05         16.81          0.24
   554          6.46         16.64         16.40          0.24
   555          6.47         16.34         16.08          0.26
   556          6.35         16.30         16.10          0.21
   557          5.67         16.49         16.38          0.10
   558          6.05         16.54         16.37          0.17
   559          6.92         16.40         16.19          0.21
   560          7.10         16.30         16.00          0.29
   561          7.64         16.17         15.91          0.26
   562          6.65         16.12         15.91          0.21
   563          5.87         15.96         15.77          0.19
   564          5.81         15.83         15.65          0.17
   565          5.45         16.09         15.88          0.21
   566          6.52         16.10         15.93          0.17
   567          8.00         15.87         15.70          0.17
   568          7.19         16.24         16.03          0.21
   569          7.24         16.18         15.97          0.21
   570          7.24         15.93         15.81          0.12
   571          7.19         16.21         16.08          0.12
   572          6.49         16.48         16.24          0.24
   573          5.94         16.30         16.13          0.17
   574          5.92         16.59         16.37          0.23
   575          6.74         17.07         16.72          0.35
   576          7.62         16.95         16.58          0.37
   577          7.17         16.63         16.33          0.30
   578          6.90         16.50         16.25          0.24
   579          7.13         16.31         16.08          0.23
   580          6.75         16.39         16.18          0.21
   581          6.72         16.12         15.89          0.23
   582          6.16         16.17         15.95          0.23
   583          6.30         16.35         16.13          0.23
   584          6.67         16.20         15.96          0.25
   585          6.71         16.26         16.05          0.21
   586          6.12         16.10         15.96          0.14
   587          5.58         16.14         16.02          0.12
   588          5.83         16.52         16.39          0.12
   589          6.28         16.45         16.38          0.07
   590          5.98         16.71         16.57          0.14
   591          6.02         16.77         16.60          0.18
   592          5.54         17.10         16.91          0.19
   593          6.04         17.62         17.34          0.28
   594          6.64         17.58         17.30          0.28
   595          6.41         17.59         17.35          0.25
   596          6.40         17.98         17.76          0.21
   597          5.60         18.22         17.99          0.23
   598          6.38         17.83         17.62          0.21
   599          6.04         17.86         17.66          0.19
   600          6.11         17.71         17.51          0.19
   601          7.13         17.24         17.02          0.23
   602          7.17         16.96         16.73          0.23
   603          6.81         16.54         16.31          0.23
   604          6.80         16.60         16.32          0.28
   605          6.71         16.85         16.51          0.33
   606          7.02         16.77         16.39          0.39
   607          7.19         16.54         16.24          0.30
   608          6.73         16.33         16.07          0.26
   609          7.06         16.14         15.82          0.32
   610          7.47         16.00         15.70          0.30
   611          7.17         16.00         15.70          0.30
   612          6.49         15.77         15.54          0.23
   613          6.12         15.88         15.62          0.26
   614          6.09         15.83         15.55          0.28
   615          6.56         15.66         15.43          0.23
   616          6.56         15.71         15.41          0.30
   617          7.66         15.20         14.87          0.33
   618          8.41         15.18         14.95          0.23
   619          8.10         15.12         14.87          0.25
   620          7.31         14.98         14.69          0.28
   621          7.36         15.01         14.68          0.34
   622          7.82         14.87         14.59          0.28
   623          7.85         14.63         14.37          0.26
   624          6.89         14.38         14.19          0.19
   625          6.17         14.60         14.48          0.12
   626          6.39         14.53         14.33          0.19
   627          7.06         14.78         14.50          0.28
   628          7.21         15.28         14.96          0.32
   629          7.42         15.64         15.27          0.37
   630          7.52         15.73         15.43          0.30
   631          6.07         15.59         15.38          0.21
   632          6.05         15.66         15.46          0.19
   633          6.69         15.91         15.72          0.19
   634          7.04         16.36         16.15          0.21
   635          6.74         16.70         16.50          0.19
   636          6.83         16.91         16.72          0.19
   637          6.92         17.03         16.80          0.23
   638          6.35         16.73         16.51          0.21
   639          6.52         16.98         16.78          0.19
   640          6.22         16.94         16.64          0.30
   641          6.79         16.91         16.62          0.28
   642          6.83         17.10         16.88          0.21
   643          5.67         16.80         16.52          0.28
   644          5.14         16.73         16.39          0.34
   645          5.06         16.82         16.52          0.30
   646          5.21         17.04         16.80          0.25
   647          6.38         17.13         16.88          0.25
   648          5.39         17.22         16.99          0.23
   649          5.15         17.39         17.18          0.21
   650          6.02         17.26         17.08          0.18
   651          6.06         17.39         17.12          0.27
   652          6.08         17.45         17.18          0.27
   653          6.03         17.34         16.99          0.35
   654          5.55         17.28         16.94          0.34
   655          6.64         17.16         16.86          0.30
   656          6.84         16.88         16.56          0.32
   657          6.16         16.67         16.37          0.30
   658          5.83         16.73         16.40          0.34
   659          6.61         16.60         16.24          0.35
   660          5.60         16.65         16.23          0.43
   661          6.10         16.76         16.36          0.41
   662          6.34         16.71         16.28          0.43
   663          6.26         16.89         16.50          0.39
   664          6.73         16.85         16.41          0.44
   665          6.40         16.37         16.01          0.35
   666          5.58         16.14         15.75          0.39
   667          5.46         16.11         15.72          0.39
   668          6.48         15.67         15.29          0.37
   669          6.88         15.55         15.25          0.30
   670          7.03         15.61         15.33          0.28
   671          7.76         15.62         15.38          0.25
   672          7.11         15.67         15.49          0.18
   673          7.96         15.46         15.21          0.25
   674          7.53         15.48         15.23          0.25
   675          5.76         15.48         15.29          0.20
   676          5.57         15.75         15.50          0.25
   677          5.62         16.16         15.85          0.30
   678          6.21         16.12         15.89          0.23
   679          5.75         15.98         15.84          0.14
   680          5.94         16.21         16.07          0.14
   681          6.86         16.43         16.27          0.16
   682          6.38         16.44         16.27          0.18
   683          6.04         16.49         16.24          0.25
   684          5.82         16.26         15.90          0.35
   685          5.43         16.22         15.87          0.35
   686          6.64         16.05         15.73          0.32
   687          6.89         16.18         15.95          0.23
   688          7.32         16.24         15.95          0.28
   689          7.23         16.00         15.72          0.28
   690          7.17         16.42         16.11          0.32
   691          7.17         16.51         16.17          0.34
   692          6.11         16.18         15.88          0.30
   693          5.21         16.08         15.83          0.25
   694          6.27         15.90         15.67          0.23
   695          6.31         16.03         15.80          0.23
   696          6.38         16.42         16.23          0.19
   697          6.22         16.71         16.53          0.18
   698          5.90         16.51         16.35          0.16
   699          6.65         16.51         16.24          0.27
   700          7.19         16.49         16.24          0.25
   701          6.71         16.17         15.89          0.28
   702          7.08         15.74         15.43          0.32
   703          5.96         16.17         15.85          0.32
   704          5.34         16.18         15.85          0.34
   705          5.25         16.15         15.85          0.30
   706          5.33         16.30         16.03          0.27
   707          6.38         16.81         16.58          0.23
   708          6.58         16.76         16.53          0.23
   709          6.64         16.81         16.58          0.23
   710          7.80         17.37         17.07          0.30
   711          6.74         17.34         16.91          0.42
   712          6.72         16.94         16.55          0.39
   713          6.70         16.37         16.15          0.23
   714          6.23         16.47         16.22          0.25
   715          6.37         16.61         16.33          0.28
   716          6.27         16.52         16.22          0.30
   717          7.21         16.50         16.18          0.32
   718          6.92         16.27         15.95          0.32
   719          6.43         16.15         15.97          0.18
   720          6.12         15.94         15.71          0.23
   721          6.01         16.03         15.78          0.25
   722          5.35         16.00         15.79          0.21
   723          5.48         16.22         16.11          0.11
   724          7.23         16.37         16.32          0.05
   725          7.31         15.98         15.85          0.12
   726          6.03         16.12         15.99          0.12
   727          7.20         15.82         15.62          0.20
   728          7.17         15.62         15.39          0.23
   729          6.50         15.24         15.09          0.14
   730          6.41         15.42         15.26          0.16
   731          6.68         15.23         15.00          0.23
   732          6.27         15.26         15.03          0.23
   733          6.71         15.69         15.48          0.21
   734          7.56         15.67         15.51          0.16
   735          6.62         15.68         15.52          0.16
   736          5.77         15.71         15.52          0.20
   737          6.82         15.83         15.65          0.18
   738          6.98         16.07         15.82          0.25
   739          7.28         16.23         15.95          0.29
   740          7.47         16.17         15.85          0.32
   741          6.67         16.07         15.85          0.21
   742          6.76         16.13         16.02          0.11
   743          7.67         16.55         16.44          0.11
   744          7.10         16.58         16.44          0.14
   745          6.74         16.85         16.69          0.16
   746          6.39         16.71         16.31          0.39
   747          6.20         16.42         15.99          0.43
   748          6.81         16.08         15.77          0.30
   749          6.74         16.05         15.83          0.22
   750          7.50         15.96         15.66          0.30
   751          8.13         16.04         15.67          0.38
   752          7.58         15.83         15.55          0.29
   753          6.15         15.86         15.63          0.23
   754          6.48         16.13         15.76          0.38
   755          6.84         15.87         15.49          0.38
   756          5.76         16.21         15.92          0.29
   757          5.75         15.78         15.53          0.25
   758          6.15         16.17         15.92          0.25
   759          6.64         16.37         16.19          0.18
   760          6.32         16.32         16.14          0.18
   761          6.64         16.28         16.05          0.23
   762          7.25         16.45         16.16          0.29
   763          6.77         16.61         16.42          0.20
   764          6.13         16.51         16.27          0.23
   765          5.68         16.26         15.95          0.31
   766          5.39         16.14         15.87          0.27
   767          6.07         15.64         15.44          0.20
   768          6.78         16.23         15.89          0.34
   769          7.04         16.78         16.45          0.32
   770          6.88         16.76         16.49          0.27
   771          5.95         16.45         16.25          0.20
   772          5.81         16.62         16.34          0.29
   773          6.30         16.88         16.63          0.25
   774          6.55         16.78         16.49          0.29
   775          6.69         16.92         16.67          0.25
   776          6.37         16.75         16.56          0.20
   777          6.15         17.20         17.00          0.20
   778          5.99         17.54         17.29          0.25
   779          5.04         17.37         17.06          0.31
   780          5.02         17.32         16.96          0.36
   781          5.73         17.58         17.24          0.34
   782          5.80         17.03         16.65          0.38
   783          6.19         17.05         16.69          0.36
   784          6.78         16.83         16.50          0.32
   785          6.54         17.03         16.68          0.34
   786          6.10         16.95         16.61          0.34
   787          5.26         16.43         16.11          0.32
   788          5.54         16.22         15.90          0.32
   789          5.52         16.59         16.26          0.32
   790          6.06         16.83         16.51          0.32
   791          5.39         16.95         16.70          0.25
   792          5.30         16.60         16.35          0.25
   793          5.53         16.54         16.34          0.20
   794          5.94         16.92         16.66          0.25
   795          6.89         16.85         16.55          0.31
   796          6.80         16.77         16.51          0.25
   797          6.30         16.86         16.56          0.31
   798          6.64         16.84         16.46          0.38
   799          6.32         16.46         16.15          0.31
   800          5.76         16.08         15.76          0.32
   801          6.05         16.21         15.95          0.25
   802          6.44         16.17         15.99          0.18
   803          6.20         16.02         15.84          0.18
   804          5.75         15.74         15.49          0.25
