  Step oclprog_den oblprog_den   P_oclprog   P_oblprog dot_oclprog dot_oblprog
     1   0.100E+03   0.100E+04   0.771E+00   0.111E+00   0.000E+00   0.000E+00
     2   0.100E+03   0.100E+04   0.771E+00   0.111E+00   0.000E+00   0.000E+00
     3   0.100E+03   0.100E+04   0.771E+00   0.111E+00   0.000E+00   0.000E+00
     4   0.100E+03   0.100E+04   0.771E+00   0.111E+00   0.000E+00   0.000E+00
     5   0.100E+03   0.100E+04   0.771E+00   0.111E+00   0.000E+00   0.000E+00
     6   0.100E+03   0.100E+04   0.771E+00   0.111E+00   0.000E+00   0.000E+00
     7   0.100E+03   0.100E+04   0.771E+00   0.111E+00   0.000E+00   0.000E+00
     8   0.100E+03   0.100E+04   0.771E+00   0.111E+00   0.000E+00   0.000E+00
     9   0.100E+03   0.100E+04   0.771E+00   0.111E+00   0.000E+00   0.000E+00
    10   0.100E+03   0.100E+04   0.771E+00   0.111E+00   0.000E+00   0.000E+00
    11   0.100E+03   0.100E+04   0.771E+00   0.111E+00   0.000E+00   0.000E+00
    12   0.100E+03   0.100E+04   0.771E+00   0.111E+00   0.000E+00   0.000E+00
    13   0.100E+03   0.100E+04   0.771E+00   0.111E+00   0.000E+00   0.000E+00
    14   0.100E+03   0.100E+04   0.771E+00   0.111E+00   0.000E+00   0.000E+00
    15   0.100E+03   0.100E+04   0.771E+00   0.111E+00   0.000E+00   0.000E+00
    16   0.100E+03   0.100E+04   0.771E+00   0.111E+00   0.000E+00   0.000E+00
    17   0.100E+03   0.100E+04   0.771E+00   0.111E+00   0.000E+00   0.000E+00
    18   0.100E+03   0.100E+04   0.771E+00   0.111E+00   0.000E+00   0.000E+00
    19   0.100E+03   0.100E+04   0.771E+00   0.111E+00   0.000E+00   0.000E+00
    20   0.100E+03   0.100E+04   0.771E+00   0.111E+00   0.000E+00   0.000E+00
    21   0.100E+03   0.100E+04   0.771E+00   0.111E+00   0.000E+00   0.000E+00
    22   0.100E+03   0.100E+04   0.771E+00   0.111E+00   0.000E+00   0.000E+00
    23   0.100E+03   0.100E+04   0.771E+00   0.111E+00   0.000E+00   0.000E+00
    24   0.100E+03   0.100E+04   0.771E+00   0.111E+00   0.000E+00   0.000E+00
    25   0.100E+03   0.100E+04   0.771E+00   0.111E+00   0.000E+00   0.000E+00
    26   0.100E+03   0.100E+04   0.771E+00   0.111E+00   0.000E+00   0.000E+00
    27   0.100E+03   0.100E+04   0.771E+00   0.111E+00   0.000E+00   0.000E+00
    28   0.100E+03   0.100E+04   0.771E+00   0.111E+00   0.000E+00   0.000E+00
    29   0.100E+03   0.100E+04   0.771E+00   0.111E+00   0.000E+00   0.000E+00
    30   0.100E+03   0.100E+04   0.771E+00   0.111E+00   0.000E+00   0.000E+00
    31   0.100E+03   0.100E+04   0.771E+00   0.111E+00   0.000E+00   0.000E+00
    32   0.100E+03   0.100E+04   0.771E+00   0.111E+00   0.000E+00   0.000E+00
    33   0.100E+03   0.100E+04   0.771E+00   0.111E+00   0.000E+00   0.000E+00
    34   0.100E+03   0.100E+04   0.771E+00   0.111E+00   0.000E+00   0.000E+00
    35   0.100E+03   0.100E+04   0.771E+00   0.111E+00   0.000E+00   0.000E+00
    36   0.100E+03   0.100E+04   0.771E+00   0.111E+00   0.000E+00   0.000E+00
    37   0.100E+03   0.100E+04   0.771E+00   0.111E+00   0.000E+00   0.000E+00
    38   0.100E+03   0.100E+04   0.771E+00   0.111E+00   0.000E+00   0.000E+00
    39   0.100E+03   0.100E+04   0.771E+00   0.111E+00   0.000E+00   0.000E+00
    40   0.100E+03   0.100E+04   0.771E+00   0.111E+00   0.000E+00   0.000E+00
    41   0.100E+03   0.100E+04   0.771E+00   0.111E+00   0.000E+00   0.000E+00
    42   0.100E+03   0.100E+04   0.771E+00   0.111E+00   0.000E+00   0.000E+00
    43   0.100E+03   0.100E+04   0.771E+00   0.111E+00   0.000E+00   0.000E+00
    44   0.100E+03   0.100E+04   0.771E+00   0.111E+00   0.000E+00   0.000E+00
    45   0.100E+03   0.100E+04   0.771E+00   0.111E+00   0.000E+00   0.000E+00
    46   0.100E+03   0.100E+04   0.771E+00   0.111E+00   0.000E+00   0.000E+00
    47   0.100E+03   0.100E+04   0.771E+00   0.111E+00   0.000E+00   0.000E+00
    48   0.100E+03   0.100E+04   0.771E+00   0.111E+00   0.000E+00   0.000E+00
    49   0.100E+03   0.100E+04   0.771E+00   0.111E+00   0.000E+00   0.000E+00
    50   0.100E+03   0.100E+04   0.771E+00   0.111E+00   0.000E+00   0.000E+00
    51   0.100E+03   0.100E+04   0.771E+00   0.111E+00   0.000E+00   0.000E+00
    52   0.100E+03   0.100E+04   0.771E+00   0.111E+00   0.000E+00   0.000E+00
    53   0.100E+03   0.100E+04   0.771E+00   0.111E+00   0.000E+00   0.000E+00
    54   0.100E+03   0.100E+04   0.771E+00   0.111E+00   0.000E+00   0.000E+00
    55   0.100E+03   0.100E+04   0.771E+00   0.111E+00   0.000E+00   0.000E+00
    56   0.100E+03   0.100E+04   0.771E+00   0.111E+00   0.000E+00   0.000E+00
    57   0.100E+03   0.100E+04   0.771E+00   0.111E+00   0.000E+00   0.000E+00
    58   0.100E+03   0.100E+04   0.771E+00   0.111E+00   0.000E+00   0.000E+00
    59   0.100E+03   0.100E+04   0.771E+00   0.111E+00   0.000E+00   0.000E+00
    60   0.100E+03   0.100E+04   0.771E+00   0.111E+00   0.000E+00   0.000E+00
    61   0.100E+03   0.100E+04   0.771E+00   0.111E+00   0.000E+00   0.000E+00
    62   0.100E+03   0.100E+04   0.771E+00   0.111E+00   0.000E+00   0.000E+00
    63   0.100E+03   0.100E+04   0.771E+00   0.111E+00   0.000E+00   0.000E+00
    64   0.100E+03   0.100E+04   0.771E+00   0.111E+00   0.000E+00   0.000E+00
    65   0.100E+03   0.100E+04   0.771E+00   0.111E+00   0.000E+00   0.000E+00
    66   0.100E+03   0.100E+04   0.771E+00   0.111E+00   0.000E+00   0.000E+00
    67   0.100E+03   0.100E+04   0.771E+00   0.111E+00   0.000E+00   0.000E+00
    68   0.100E+03   0.100E+04   0.771E+00   0.111E+00   0.000E+00   0.000E+00
    69   0.100E+03   0.100E+04   0.771E+00   0.111E+00   0.000E+00   0.000E+00
    70   0.100E+03   0.100E+04   0.771E+00   0.111E+00   0.000E+00   0.000E+00
    71   0.100E+03   0.100E+04   0.771E+00   0.111E+00   0.160E-01   0.332E+01
    72   0.100E+03   0.101E+04   0.771E+00   0.111E+00   0.160E-01   0.329E+01
    73   0.100E+03   0.101E+04   0.771E+00   0.111E+00   0.161E-01   0.326E+01
    74   0.100E+03   0.101E+04   0.771E+00   0.111E+00   0.161E-01   0.322E+01
    75   0.100E+03   0.102E+04   0.771E+00   0.111E+00   0.162E-01   0.319E+01
    76   0.100E+03   0.102E+04   0.771E+00   0.111E+00   0.162E-01   0.316E+01
    77   0.100E+03   0.102E+04   0.771E+00   0.111E+00   0.163E-01   0.312E+01
    78   0.100E+03   0.103E+04   0.771E+00   0.111E+00   0.163E-01   0.309E+01
    79   0.100E+03   0.103E+04   0.771E+00   0.111E+00   0.164E-01   0.305E+01
    80   0.100E+03   0.103E+04   0.771E+00   0.111E+00   0.164E-01   0.302E+01
    81   0.100E+03   0.103E+04   0.771E+00   0.111E+00   0.165E-01   0.299E+01
    82   0.100E+03   0.104E+04   0.771E+00   0.111E+00   0.165E-01   0.295E+01
    83   0.100E+03   0.104E+04   0.771E+00   0.111E+00   0.166E-01   0.292E+01
    84   0.100E+03   0.104E+04   0.771E+00   0.110E+00   0.166E-01   0.289E+01
    85   0.100E+03   0.105E+04   0.771E+00   0.109E+00  -0.139E+00   0.330E+01
    86   0.997E+02   0.105E+04   0.771E+00   0.108E+00  -0.421E+00   0.352E+01
    87   0.993E+02   0.105E+04   0.771E+00   0.107E+00  -0.364E+00   0.391E+01
    88   0.990E+02   0.106E+04   0.771E+00   0.106E+00  -0.297E+00   0.392E+01
    89   0.988E+02   0.106E+04   0.771E+00   0.106E+00  -0.211E+00   0.407E+01
    90   0.984E+02   0.107E+04   0.771E+00   0.105E+00  -0.386E+00   0.413E+01
    91   0.979E+02   0.107E+04   0.771E+00   0.104E+00  -0.523E+00   0.407E+01
    92   0.976E+02   0.107E+04   0.771E+00   0.103E+00  -0.321E+00   0.410E+01
    93   0.970E+02   0.108E+04   0.771E+00   0.102E+00  -0.565E+00   0.420E+01
    94   0.967E+02   0.108E+04   0.770E+00   0.101E+00  -0.343E+00   0.413E+01
    95   0.964E+02   0.109E+04   0.770E+00   0.101E+00  -0.276E+00   0.417E+01
    96   0.961E+02   0.109E+04   0.770E+00   0.999E-01  -0.267E+00   0.403E+01
    97   0.961E+02   0.109E+04   0.770E+00   0.991E-01  -0.350E-01   0.381E+01
    98   0.959E+02   0.110E+04   0.771E+00   0.983E-01  -0.200E+00   0.374E+01
    99   0.960E+02   0.110E+04   0.773E+00   0.974E-01   0.712E-01   0.337E+01
   100   0.968E+02   0.110E+04   0.775E+00   0.964E-01   0.868E+00   0.244E+01
   101   0.982E+02   0.111E+04   0.777E+00   0.954E-01   0.135E+01   0.145E+01
   102   0.997E+02   0.111E+04   0.778E+00   0.945E-01   0.149E+01   0.147E+00
   103   0.101E+03   0.111E+04   0.780E+00   0.935E-01   0.154E+01  -0.919E+00
   104   0.103E+03   0.110E+04   0.783E+00   0.925E-01   0.155E+01  -0.220E+01
   105   0.104E+03   0.110E+04   0.784E+00   0.915E-01   0.158E+01  -0.327E+01
   106   0.106E+03   0.110E+04   0.787E+00   0.906E-01   0.159E+01  -0.396E+01
   107   0.108E+03   0.109E+04   0.789E+00   0.896E-01   0.162E+01  -0.496E+01
   108   0.109E+03   0.108E+04   0.790E+00   0.887E-01   0.162E+01  -0.592E+01
   109   0.111E+03   0.108E+04   0.792E+00   0.878E-01   0.162E+01  -0.657E+01
   110   0.112E+03   0.107E+04   0.792E+00   0.870E-01   0.163E+01  -0.756E+01
   111   0.114E+03   0.106E+04   0.793E+00   0.862E-01   0.163E+01  -0.808E+01
   112   0.116E+03   0.105E+04   0.793E+00   0.854E-01   0.164E+01  -0.790E+01
   113   0.117E+03   0.105E+04   0.788E+00   0.849E-01   0.164E+01  -0.814E+01
   114   0.119E+03   0.104E+04   0.781E+00   0.846E-01   0.164E+01  -0.819E+01
   115   0.121E+03   0.103E+04   0.773E+00   0.846E-01   0.165E+01  -0.777E+01
   116   0.122E+03   0.102E+04   0.765E+00   0.848E-01   0.165E+01  -0.735E+01
   117   0.124E+03   0.102E+04   0.757E+00   0.852E-01   0.165E+01  -0.655E+01
   118   0.126E+03   0.101E+04   0.748E+00   0.859E-01   0.165E+01  -0.570E+01
   119   0.127E+03   0.101E+04   0.740E+00   0.868E-01   0.166E+01  -0.463E+01
   120   0.129E+03   0.100E+04   0.731E+00   0.879E-01   0.166E+01  -0.331E+01
   121   0.131E+03   0.100E+04   0.722E+00   0.892E-01   0.166E+01  -0.161E+01
   122   0.132E+03   0.100E+04   0.713E+00   0.907E-01   0.166E+01  -0.371E+00
   123   0.134E+03   0.100E+04   0.704E+00   0.924E-01   0.167E+01   0.872E+00
   124   0.136E+03   0.100E+04   0.695E+00   0.944E-01   0.167E+01   0.158E+01
   125   0.137E+03   0.101E+04   0.686E+00   0.963E-01   0.167E+01   0.325E+01
   126   0.139E+03   0.101E+04   0.676E+00   0.983E-01   0.167E+01   0.454E+01
   127   0.141E+03   0.102E+04   0.667E+00   0.100E+00   0.167E+01   0.571E+01
   128   0.142E+03   0.102E+04   0.658E+00   0.103E+00   0.166E+01   0.653E+01
   129   0.144E+03   0.103E+04   0.649E+00   0.104E+00   0.167E+01   0.693E+01
   130   0.146E+03   0.104E+04   0.640E+00   0.106E+00   0.166E+01   0.803E+01
   131   0.147E+03   0.105E+04   0.630E+00   0.108E+00   0.166E+01   0.857E+01
   132   0.149E+03   0.106E+04   0.621E+00   0.109E+00   0.167E+01   0.914E+01
   133   0.151E+03   0.107E+04   0.612E+00   0.110E+00   0.167E+01   0.955E+01
   134   0.152E+03   0.108E+04   0.603E+00   0.111E+00   0.167E+01   0.987E+01
   135   0.154E+03   0.109E+04   0.594E+00   0.111E+00   0.167E+01   0.101E+02
   136   0.156E+03   0.110E+04   0.584E+00   0.111E+00   0.167E+01   0.101E+02
   137   0.157E+03   0.111E+04   0.575E+00   0.110E+00   0.167E+01   0.103E+02
   138   0.159E+03   0.112E+04   0.566E+00   0.109E+00   0.167E+01   0.105E+02
   139   0.161E+03   0.113E+04   0.558E+00   0.108E+00   0.167E+01   0.104E+02
   140   0.162E+03   0.114E+04   0.549E+00   0.106E+00   0.167E+01   0.104E+02
   141   0.164E+03   0.115E+04   0.540E+00   0.104E+00   0.167E+01   0.103E+02
   142   0.166E+03   0.116E+04   0.531E+00   0.103E+00   0.165E+01   0.104E+02
   143   0.167E+03   0.117E+04   0.523E+00   0.100E+00   0.166E+01   0.106E+02
   144   0.169E+03   0.118E+04   0.514E+00   0.982E-01   0.167E+01   0.103E+02
   145   0.171E+03   0.119E+04   0.506E+00   0.959E-01   0.166E+01   0.103E+02
   146   0.172E+03   0.120E+04   0.497E+00   0.936E-01   0.166E+01   0.101E+02
   147   0.174E+03   0.121E+04   0.489E+00   0.913E-01   0.165E+01   0.987E+01
   148   0.176E+03   0.122E+04   0.481E+00   0.890E-01   0.166E+01   0.993E+01
   149   0.177E+03   0.123E+04   0.473E+00   0.867E-01   0.165E+01   0.978E+01
   150   0.179E+03   0.124E+04   0.465E+00   0.846E-01   0.164E+01   0.980E+01
   151   0.180E+03   0.125E+04   0.457E+00   0.824E-01   0.165E+01   0.942E+01
   152   0.182E+03   0.126E+04   0.449E+00   0.803E-01   0.163E+01   0.944E+01
   153   0.184E+03   0.127E+04   0.441E+00   0.783E-01   0.162E+01   0.936E+01
   154   0.185E+03   0.128E+04   0.434E+00   0.764E-01   0.164E+01   0.898E+01
   155   0.187E+03   0.128E+04   0.426E+00   0.745E-01   0.164E+01   0.900E+01
   156   0.189E+03   0.129E+04   0.419E+00   0.726E-01   0.163E+01   0.890E+01
   157   0.190E+03   0.130E+04   0.412E+00   0.709E-01   0.162E+01   0.881E+01
   158   0.192E+03   0.131E+04   0.405E+00   0.692E-01   0.163E+01   0.853E+01
   159   0.194E+03   0.132E+04   0.398E+00   0.676E-01   0.160E+01   0.832E+01
   160   0.195E+03   0.133E+04   0.391E+00   0.660E-01   0.160E+01   0.809E+01
   161   0.197E+03   0.134E+04   0.384E+00   0.645E-01   0.158E+01   0.796E+01
   162   0.198E+03   0.134E+04   0.378E+00   0.631E-01   0.156E+01   0.781E+01
   163   0.200E+03   0.135E+04   0.371E+00   0.617E-01   0.157E+01   0.765E+01
   164   0.201E+03   0.136E+04   0.365E+00   0.604E-01   0.158E+01   0.733E+01
   165   0.203E+03   0.137E+04   0.358E+00   0.591E-01   0.157E+01   0.736E+01
   166   0.205E+03   0.137E+04   0.352E+00   0.579E-01   0.154E+01   0.709E+01
   167   0.206E+03   0.138E+04   0.346E+00   0.568E-01   0.154E+01   0.692E+01
   168   0.208E+03   0.139E+04   0.340E+00   0.557E-01   0.155E+01   0.675E+01
   169   0.209E+03   0.139E+04   0.334E+00   0.546E-01   0.154E+01   0.655E+01
   170   0.211E+03   0.140E+04   0.329E+00   0.535E-01   0.154E+01   0.651E+01
   171   0.212E+03   0.141E+04   0.323E+00   0.525E-01   0.153E+01   0.636E+01
   172   0.214E+03   0.141E+04   0.318E+00   0.516E-01   0.150E+01   0.616E+01
   173   0.215E+03   0.142E+04   0.312E+00   0.507E-01   0.147E+01   0.597E+01
   174   0.217E+03   0.142E+04   0.307E+00   0.499E-01   0.146E+01   0.588E+01
   175   0.218E+03   0.143E+04   0.302E+00   0.490E-01   0.144E+01   0.573E+01
   176   0.219E+03   0.144E+04   0.297E+00   0.483E-01   0.138E+01   0.548E+01
   177   0.221E+03   0.144E+04   0.292E+00   0.475E-01   0.137E+01   0.524E+01
   178   0.222E+03   0.145E+04   0.288E+00   0.468E-01   0.141E+01   0.524E+01
   179   0.224E+03   0.145E+04   0.283E+00   0.461E-01   0.133E+01   0.496E+01
   180   0.225E+03   0.146E+04   0.278E+00   0.454E-01   0.133E+01   0.483E+01
   181   0.226E+03   0.146E+04   0.274E+00   0.448E-01   0.132E+01   0.479E+01
   182   0.228E+03   0.146E+04   0.270E+00   0.442E-01   0.135E+01   0.450E+01
   183   0.229E+03   0.147E+04   0.265E+00   0.436E-01   0.134E+01   0.459E+01
   184   0.230E+03   0.147E+04   0.261E+00   0.431E-01   0.134E+01   0.412E+01
   185   0.232E+03   0.148E+04   0.257E+00   0.425E-01   0.130E+01   0.413E+01
   186   0.233E+03   0.148E+04   0.253E+00   0.420E-01   0.131E+01   0.406E+01
   187   0.234E+03   0.149E+04   0.249E+00   0.415E-01   0.127E+01   0.384E+01
   188   0.235E+03   0.149E+04   0.246E+00   0.410E-01   0.128E+01   0.359E+01
   189   0.237E+03   0.149E+04   0.242E+00   0.406E-01   0.123E+01   0.354E+01
   190   0.238E+03   0.150E+04   0.239E+00   0.402E-01   0.119E+01   0.343E+01
   191   0.239E+03   0.150E+04   0.235E+00   0.397E-01   0.124E+01   0.327E+01
   192   0.240E+03   0.150E+04   0.232E+00   0.394E-01   0.124E+01   0.308E+01
   193   0.242E+03   0.151E+04   0.229E+00   0.390E-01   0.123E+01   0.299E+01
   194   0.243E+03   0.151E+04   0.226E+00   0.386E-01   0.127E+01   0.303E+01
   195   0.244E+03   0.151E+04   0.223E+00   0.383E-01   0.124E+01   0.276E+01
   196   0.245E+03   0.151E+04   0.220E+00   0.379E-01   0.121E+01   0.274E+01
   197   0.246E+03   0.152E+04   0.217E+00   0.376E-01   0.124E+01   0.243E+01
   198   0.248E+03   0.152E+04   0.214E+00   0.373E-01   0.117E+01   0.218E+01
   199   0.249E+03   0.152E+04   0.211E+00   0.370E-01   0.117E+01   0.211E+01
   200   0.250E+03   0.152E+04   0.208E+00   0.367E-01   0.116E+01   0.205E+01
   201   0.251E+03   0.152E+04   0.206E+00   0.365E-01   0.108E+01   0.182E+01
   202   0.252E+03   0.153E+04   0.203E+00   0.362E-01   0.111E+01   0.200E+01
   203   0.253E+03   0.153E+04   0.201E+00   0.360E-01   0.109E+01   0.174E+01
   204   0.254E+03   0.153E+04   0.198E+00   0.358E-01   0.104E+01   0.163E+01
   205   0.255E+03   0.153E+04   0.196E+00   0.356E-01   0.108E+01   0.153E+01
   206   0.256E+03   0.153E+04   0.193E+00   0.354E-01   0.103E+01   0.149E+01
   207   0.257E+03   0.153E+04   0.191E+00   0.352E-01   0.100E+01   0.137E+01
   208   0.258E+03   0.154E+04   0.188E+00   0.350E-01   0.979E+00   0.118E+01
   209   0.259E+03   0.154E+04   0.186E+00   0.348E-01   0.101E+01   0.121E+01
   210   0.260E+03   0.154E+04   0.184E+00   0.346E-01   0.105E+01   0.963E+00
   211   0.261E+03   0.154E+04   0.182E+00   0.345E-01   0.102E+01   0.117E+01
   212   0.263E+03   0.154E+04   0.180E+00   0.343E-01   0.106E+01   0.107E+01
   213   0.263E+03   0.154E+04   0.178E+00   0.342E-01   0.916E+00   0.113E+01
   214   0.264E+03   0.154E+04   0.176E+00   0.341E-01   0.871E+00   0.907E+00
   215   0.265E+03   0.154E+04   0.174E+00   0.340E-01   0.943E+00   0.696E+00
   216   0.266E+03   0.154E+04   0.172E+00   0.338E-01   0.829E+00   0.747E+00
   217   0.267E+03   0.154E+04   0.170E+00   0.337E-01   0.804E+00   0.475E+00
   218   0.268E+03   0.154E+04   0.169E+00   0.336E-01   0.750E+00   0.147E+00
   219   0.268E+03   0.154E+04   0.167E+00   0.336E-01   0.774E+00   0.207E+00
   220   0.269E+03   0.154E+04   0.165E+00   0.335E-01   0.817E+00   0.157E+00
   221   0.270E+03   0.154E+04   0.164E+00   0.334E-01   0.860E+00   0.138E+00
   222   0.271E+03   0.154E+04   0.162E+00   0.333E-01   0.824E+00  -0.563E-01
   223   0.272E+03   0.154E+04   0.160E+00   0.333E-01   0.770E+00  -0.222E+00
   224   0.272E+03   0.154E+04   0.159E+00   0.332E-01   0.706E+00  -0.157E+00
   225   0.273E+03   0.154E+04   0.157E+00   0.331E-01   0.720E+00  -0.115E+00
   226   0.274E+03   0.154E+04   0.156E+00   0.330E-01   0.851E+00  -0.134E+00
   227   0.275E+03   0.154E+04   0.155E+00   0.330E-01   0.757E+00  -0.246E+00
   228   0.276E+03   0.154E+04   0.153E+00   0.329E-01   0.781E+00  -0.180E+00
   229   0.276E+03   0.154E+04   0.152E+00   0.329E-01   0.746E+00  -0.356E-01
   230   0.277E+03   0.154E+04   0.151E+00   0.329E-01   0.662E+00  -0.282E+00
   231   0.278E+03   0.154E+04   0.150E+00   0.329E-01   0.735E+00  -0.164E+00
   232   0.278E+03   0.154E+04   0.149E+00   0.328E-01   0.759E+00  -0.472E+00
   233   0.279E+03   0.154E+04   0.147E+00   0.328E-01   0.704E+00  -0.552E+00
   234   0.280E+03   0.154E+04   0.146E+00   0.328E-01   0.679E+00  -0.432E+00
   235   0.280E+03   0.154E+04   0.145E+00   0.328E-01   0.645E+00  -0.455E+00
   236   0.281E+03   0.154E+04   0.144E+00   0.328E-01   0.688E+00  -0.339E+00
   237   0.282E+03   0.154E+04   0.143E+00   0.329E-01   0.664E+00  -0.787E+00
   238   0.282E+03   0.154E+04   0.142E+00   0.329E-01   0.610E+00  -0.945E+00
   239   0.283E+03   0.154E+04   0.141E+00   0.329E-01   0.440E+00  -0.893E+00
   240   0.283E+03   0.154E+04   0.140E+00   0.329E-01   0.485E+00  -0.967E+00
   241   0.284E+03   0.154E+04   0.139E+00   0.329E-01   0.549E+00  -0.834E+00
   242   0.285E+03   0.153E+04   0.138E+00   0.329E-01   0.720E+00  -0.106E+01
   243   0.285E+03   0.153E+04   0.137E+00   0.329E-01   0.597E+00  -0.111E+01
   244   0.286E+03   0.153E+04   0.136E+00   0.329E-01   0.621E+00  -0.108E+01
   245   0.286E+03   0.153E+04   0.135E+00   0.330E-01   0.393E+00  -0.968E+00
   246   0.287E+03   0.153E+04   0.134E+00   0.330E-01   0.419E+00  -0.851E+00
   247   0.287E+03   0.153E+04   0.134E+00   0.330E-01   0.483E+00  -0.795E+00
   248   0.288E+03   0.153E+04   0.133E+00   0.330E-01   0.586E+00  -0.108E+01
   249   0.288E+03   0.153E+04   0.132E+00   0.331E-01   0.445E+00  -0.114E+01
   250   0.288E+03   0.153E+04   0.131E+00   0.331E-01   0.315E+00  -0.136E+01
   251   0.289E+03   0.153E+04   0.130E+00   0.332E-01   0.459E+00  -0.137E+01
   252   0.289E+03   0.152E+04   0.130E+00   0.332E-01   0.484E+00  -0.132E+01
   253   0.290E+03   0.152E+04   0.129E+00   0.333E-01   0.354E+00  -0.164E+01
   254   0.290E+03   0.152E+04   0.129E+00   0.333E-01   0.321E+00  -0.168E+01
   255   0.290E+03   0.152E+04   0.128E+00   0.334E-01   0.328E+00  -0.175E+01
   256   0.291E+03   0.152E+04   0.127E+00   0.335E-01   0.345E+00  -0.193E+01
   257   0.291E+03   0.152E+04   0.126E+00   0.335E-01   0.255E+00  -0.182E+01
   258   0.291E+03   0.151E+04   0.126E+00   0.336E-01   0.272E+00  -0.178E+01
   259   0.292E+03   0.151E+04   0.125E+00   0.337E-01   0.318E+00  -0.166E+01
   260   0.292E+03   0.151E+04   0.125E+00   0.337E-01   0.267E+00  -0.180E+01
   261   0.292E+03   0.151E+04   0.124E+00   0.338E-01   0.362E+00  -0.209E+01
   262   0.293E+03   0.151E+04   0.124E+00   0.339E-01   0.466E+00  -0.206E+01
   263   0.293E+03   0.150E+04   0.123E+00   0.339E-01   0.297E+00  -0.188E+01
   264   0.293E+03   0.150E+04   0.123E+00   0.340E-01   0.294E+00  -0.182E+01
   265   0.294E+03   0.150E+04   0.122E+00   0.341E-01   0.311E+00  -0.201E+01
   266   0.294E+03   0.150E+04   0.122E+00   0.342E-01   0.192E+00  -0.211E+01
   267   0.294E+03   0.150E+04   0.121E+00   0.343E-01   0.219E+00  -0.206E+01
   268   0.294E+03   0.149E+04   0.121E+00   0.344E-01   0.227E+00  -0.207E+01
   269   0.294E+03   0.149E+04   0.121E+00   0.346E-01   0.186E+00  -0.196E+01
   270   0.295E+03   0.149E+04   0.120E+00   0.347E-01   0.301E+00  -0.204E+01
   271   0.295E+03   0.149E+04   0.120E+00   0.348E-01   0.269E+00  -0.194E+01
   272   0.295E+03   0.149E+04   0.120E+00   0.349E-01   0.150E+00  -0.213E+01
   273   0.295E+03   0.148E+04   0.120E+00   0.350E-01   0.246E+00  -0.220E+01
   274   0.296E+03   0.148E+04   0.119E+00   0.352E-01   0.196E+00  -0.229E+01
   275   0.296E+03   0.148E+04   0.119E+00   0.353E-01   0.165E+00  -0.232E+01
   276   0.296E+03   0.148E+04   0.118E+00   0.355E-01   0.202E+00  -0.249E+01
   277   0.296E+03   0.147E+04   0.118E+00   0.356E-01   0.259E+00  -0.248E+01
   278   0.296E+03   0.147E+04   0.118E+00   0.357E-01   0.286E+00  -0.281E+01
   279   0.297E+03   0.147E+04   0.117E+00   0.359E-01   0.536E+00  -0.308E+01
   280   0.298E+03   0.146E+04   0.117E+00   0.360E-01   0.793E+00  -0.324E+01
   281   0.299E+03   0.146E+04   0.117E+00   0.362E-01   0.913E+00  -0.316E+01
   282   0.300E+03   0.146E+04   0.117E+00   0.363E-01   0.934E+00  -0.337E+01
   283   0.301E+03   0.145E+04   0.116E+00   0.364E-01   0.974E+00  -0.327E+01
   284   0.302E+03   0.145E+04   0.116E+00   0.366E-01   0.965E+00  -0.308E+01
   285   0.303E+03   0.145E+04   0.116E+00   0.367E-01   0.976E+00  -0.309E+01
   286   0.304E+03   0.145E+04   0.116E+00   0.369E-01   0.967E+00  -0.324E+01
   287   0.305E+03   0.144E+04   0.116E+00   0.370E-01   0.968E+00  -0.334E+01
   288   0.305E+03   0.144E+04   0.115E+00   0.372E-01   0.959E+00  -0.305E+01
   289   0.306E+03   0.144E+04   0.115E+00   0.374E-01   0.950E+00  -0.298E+01
   290   0.307E+03   0.143E+04   0.115E+00   0.376E-01   0.941E+00  -0.259E+01
   291   0.308E+03   0.143E+04   0.115E+00   0.378E-01   0.932E+00  -0.240E+01
   292   0.309E+03   0.143E+04   0.114E+00   0.380E-01   0.923E+00  -0.186E+01
   293   0.310E+03   0.143E+04   0.113E+00   0.383E-01   0.915E+00  -0.145E+01
   294   0.311E+03   0.143E+04   0.112E+00   0.385E-01   0.906E+00  -0.139E+01
   295   0.312E+03   0.143E+04   0.111E+00   0.387E-01   0.897E+00  -0.993E+00
   296   0.313E+03   0.142E+04   0.110E+00   0.390E-01   0.888E+00  -0.725E+00
   297   0.314E+03   0.142E+04   0.110E+00   0.392E-01   0.880E+00  -0.531E+00
   298   0.315E+03   0.142E+04   0.109E+00   0.395E-01   0.871E+00  -0.282E-01
   299   0.315E+03   0.142E+04   0.108E+00   0.397E-01   0.863E+00   0.680E+00
   300   0.316E+03   0.143E+04   0.107E+00   0.400E-01   0.854E+00   0.829E+00
   301   0.317E+03   0.143E+04   0.106E+00   0.402E-01   0.846E+00   0.117E+01
   302   0.318E+03   0.143E+04   0.105E+00   0.405E-01   0.837E+00   0.197E+01
   303   0.319E+03   0.143E+04   0.104E+00   0.407E-01   0.829E+00   0.208E+01
   304   0.320E+03   0.143E+04   0.103E+00   0.409E-01   0.820E+00   0.261E+01
   305   0.320E+03   0.144E+04   0.102E+00   0.411E-01   0.812E+00   0.274E+01
   306   0.321E+03   0.144E+04   0.102E+00   0.412E-01   0.794E+00   0.292E+01
   307   0.322E+03   0.144E+04   0.101E+00   0.413E-01   0.786E+00   0.300E+01
   308   0.323E+03   0.145E+04   0.100E+00   0.414E-01   0.787E+00   0.323E+01
   309   0.324E+03   0.145E+04   0.993E-01   0.414E-01   0.779E+00   0.330E+01
   310   0.324E+03   0.145E+04   0.986E-01   0.415E-01   0.771E+00   0.342E+01
   311   0.325E+03   0.146E+04   0.978E-01   0.415E-01   0.763E+00   0.379E+01
   312   0.326E+03   0.146E+04   0.971E-01   0.414E-01   0.755E+00   0.370E+01
   313   0.327E+03   0.146E+04   0.964E-01   0.413E-01   0.747E+00   0.361E+01
   314   0.327E+03   0.147E+04   0.957E-01   0.413E-01   0.730E+00   0.401E+01
   315   0.328E+03   0.147E+04   0.950E-01   0.411E-01   0.722E+00   0.377E+01
   316   0.329E+03   0.147E+04   0.943E-01   0.409E-01   0.714E+00   0.350E+01
   317   0.329E+03   0.148E+04   0.937E-01   0.407E-01   0.716E+00   0.375E+01
   318   0.330E+03   0.148E+04   0.930E-01   0.405E-01   0.708E+00   0.370E+01
   319   0.331E+03   0.149E+04   0.924E-01   0.402E-01   0.701E+00   0.350E+01
   320   0.332E+03   0.149E+04   0.918E-01   0.400E-01   0.693E+00   0.341E+01
   321   0.332E+03   0.149E+04   0.912E-01   0.397E-01   0.686E+00   0.335E+01
   322   0.333E+03   0.150E+04   0.906E-01   0.395E-01   0.669E+00   0.339E+01
   323   0.334E+03   0.150E+04   0.900E-01   0.392E-01   0.661E+00   0.339E+01
   324   0.334E+03   0.150E+04   0.894E-01   0.389E-01   0.654E+00   0.335E+01
   325   0.335E+03   0.151E+04   0.889E-01   0.386E-01   0.656E+00   0.308E+01
   326   0.336E+03   0.151E+04   0.883E-01   0.384E-01   0.649E+00   0.332E+01
   327   0.336E+03   0.151E+04   0.878E-01   0.381E-01   0.642E+00   0.303E+01
   328   0.337E+03   0.151E+04   0.872E-01   0.378E-01   0.635E+00   0.297E+01
   329   0.337E+03   0.152E+04   0.867E-01   0.375E-01   0.628E+00   0.315E+01
   330   0.338E+03   0.152E+04   0.862E-01   0.373E-01   0.621E+00   0.310E+01
   331   0.339E+03   0.152E+04   0.857E-01   0.370E-01   0.614E+00   0.281E+01
   332   0.339E+03   0.153E+04   0.852E-01   0.367E-01   0.607E+00   0.262E+01
   333   0.340E+03   0.153E+04   0.847E-01   0.365E-01   0.600E+00   0.254E+01
   334   0.341E+03   0.153E+04   0.842E-01   0.363E-01   0.593E+00   0.243E+01
   335   0.341E+03   0.153E+04   0.838E-01   0.360E-01   0.586E+00   0.246E+01
   336   0.342E+03   0.154E+04   0.833E-01   0.358E-01   0.580E+00   0.252E+01
   337   0.342E+03   0.154E+04   0.829E-01   0.356E-01   0.573E+00   0.222E+01
   338   0.343E+03   0.154E+04   0.824E-01   0.353E-01   0.557E+00   0.243E+01
   339   0.343E+03   0.154E+04   0.820E-01   0.351E-01   0.550E+00   0.204E+01
   340   0.344E+03   0.155E+04   0.816E-01   0.349E-01   0.544E+00   0.218E+01
   341   0.344E+03   0.155E+04   0.811E-01   0.347E-01   0.537E+00   0.206E+01
   342   0.345E+03   0.155E+04   0.807E-01   0.345E-01   0.531E+00   0.195E+01
   343   0.345E+03   0.155E+04   0.803E-01   0.343E-01   0.525E+00   0.186E+01
   344   0.346E+03   0.155E+04   0.799E-01   0.341E-01   0.519E+00   0.197E+01
   345   0.347E+03   0.156E+04   0.795E-01   0.340E-01   0.513E+00   0.196E+01
   346   0.347E+03   0.156E+04   0.791E-01   0.338E-01   0.487E+00   0.170E+01
   347   0.347E+03   0.156E+04   0.788E-01   0.336E-01   0.491E+00   0.182E+01
   348   0.348E+03   0.156E+04   0.784E-01   0.335E-01   0.495E+00   0.177E+01
   349   0.348E+03   0.156E+04   0.780E-01   0.333E-01   0.489E+00   0.170E+01
   350   0.349E+03   0.156E+04   0.777E-01   0.332E-01   0.454E+00   0.172E+01
   351   0.349E+03   0.157E+04   0.773E-01   0.330E-01   0.459E+00   0.139E+01
   352   0.350E+03   0.157E+04   0.770E-01   0.329E-01   0.434E+00   0.128E+01
   353   0.350E+03   0.157E+04   0.766E-01   0.328E-01   0.428E+00   0.171E+01
   354   0.351E+03   0.157E+04   0.763E-01   0.326E-01   0.443E+00   0.139E+01
   355   0.351E+03   0.157E+04   0.760E-01   0.325E-01   0.418E+00   0.148E+01
   356   0.352E+03   0.157E+04   0.756E-01   0.324E-01   0.423E+00   0.129E+01
   357   0.352E+03   0.157E+04   0.753E-01   0.323E-01   0.447E+00   0.135E+01
   358   0.352E+03   0.157E+04   0.750E-01   0.322E-01   0.451E+00   0.127E+01
   359   0.353E+03   0.158E+04   0.747E-01   0.321E-01   0.436E+00   0.128E+01
   360   0.353E+03   0.158E+04   0.744E-01   0.320E-01   0.411E+00   0.121E+01
   361   0.354E+03   0.158E+04   0.741E-01   0.319E-01   0.426E+00   0.119E+01
   362   0.354E+03   0.158E+04   0.739E-01   0.318E-01   0.401E+00   0.107E+01
   363   0.354E+03   0.158E+04   0.736E-01   0.317E-01   0.386E+00   0.972E+00
   364   0.355E+03   0.158E+04   0.733E-01   0.316E-01   0.401E+00   0.106E+01
   365   0.355E+03   0.158E+04   0.731E-01   0.315E-01   0.357E+00   0.876E+00
   366   0.356E+03   0.158E+04   0.728E-01   0.314E-01   0.333E+00   0.825E+00
   367   0.356E+03   0.158E+04   0.726E-01   0.313E-01   0.349E+00   0.870E+00
   368   0.356E+03   0.159E+04   0.723E-01   0.312E-01   0.335E+00   0.921E+00
   369   0.357E+03   0.159E+04   0.721E-01   0.312E-01   0.331E+00   0.818E+00
   370   0.357E+03   0.159E+04   0.718E-01   0.311E-01   0.346E+00   0.834E+00
   371   0.357E+03   0.159E+04   0.716E-01   0.310E-01   0.322E+00   0.719E+00
   372   0.358E+03   0.159E+04   0.713E-01   0.309E-01   0.318E+00   0.695E+00
   373   0.358E+03   0.159E+04   0.711E-01   0.309E-01   0.314E+00   0.613E+00
   374   0.358E+03   0.159E+04   0.709E-01   0.308E-01   0.291E+00   0.680E+00
   375   0.358E+03   0.159E+04   0.706E-01   0.307E-01   0.268E+00   0.541E+00
   376   0.359E+03   0.159E+04   0.704E-01   0.307E-01   0.303E+00   0.697E+00
   377   0.359E+03   0.159E+04   0.702E-01   0.306E-01   0.280E+00   0.550E+00
   378   0.359E+03   0.159E+04   0.700E-01   0.306E-01   0.267E+00   0.473E+00
   379   0.360E+03   0.159E+04   0.698E-01   0.305E-01   0.225E+00   0.588E+00
   380   0.360E+03   0.159E+04   0.696E-01   0.305E-01   0.270E+00   0.671E+00
   381   0.360E+03   0.159E+04   0.694E-01   0.304E-01   0.228E+00   0.517E+00
   382   0.360E+03   0.159E+04   0.693E-01   0.304E-01   0.254E+00   0.201E+00
   383   0.361E+03   0.159E+04   0.691E-01   0.303E-01   0.241E+00   0.310E+00
   384   0.361E+03   0.159E+04   0.689E-01   0.303E-01   0.209E+00   0.540E+00
   385   0.361E+03   0.160E+04   0.687E-01   0.303E-01   0.236E+00   0.398E+00
   386   0.361E+03   0.160E+04   0.686E-01   0.302E-01   0.204E+00   0.305E+00
   387   0.361E+03   0.160E+04   0.684E-01   0.302E-01   0.172E+00   0.178E+00
   388   0.361E+03   0.160E+04   0.683E-01   0.302E-01   0.131E+00   0.281E+00
   389   0.362E+03   0.160E+04   0.681E-01   0.301E-01   0.149E+00   0.191E+00
   390   0.362E+03   0.160E+04   0.680E-01   0.301E-01   0.156E+00   0.185E+00
   391   0.362E+03   0.160E+04   0.678E-01   0.301E-01   0.184E+00   0.766E-01
   392   0.362E+03   0.160E+04   0.677E-01   0.300E-01   0.133E+00   0.376E-01
   393   0.362E+03   0.160E+04   0.676E-01   0.300E-01   0.218E+00  -0.745E-02
   394   0.362E+03   0.160E+04   0.674E-01   0.300E-01   0.177E+00  -0.153E+00
   395   0.363E+03   0.160E+04   0.673E-01   0.299E-01   0.194E+00  -0.170E+00
   396   0.363E+03   0.160E+04   0.672E-01   0.299E-01   0.153E+00  -0.135E+00
   397   0.363E+03   0.160E+04   0.671E-01   0.299E-01   0.729E-01  -0.247E+00
   398   0.363E+03   0.160E+04   0.669E-01   0.299E-01   0.101E+00  -0.125E-01
   399   0.363E+03   0.160E+04   0.668E-01   0.299E-01   0.902E-01  -0.209E+00
   400   0.363E+03   0.160E+04   0.668E-01   0.299E-01   0.501E-01  -0.231E+00
   401   0.363E+03   0.159E+04   0.667E-01   0.298E-01   0.689E-01  -0.456E+00
   402   0.363E+03   0.159E+04   0.666E-01   0.298E-01   0.974E-02  -0.273E+00
   403   0.363E+03   0.159E+04   0.665E-01   0.298E-01   0.388E-01  -0.191E+00
   404   0.363E+03   0.159E+04   0.664E-01   0.298E-01   0.106E+00  -0.221E+00
   405   0.363E+03   0.159E+04   0.664E-01   0.298E-01   0.105E+00  -0.425E+00
   406   0.364E+03   0.159E+04   0.663E-01   0.298E-01   0.356E-01  -0.549E+00
   407   0.364E+03   0.159E+04   0.662E-01   0.298E-01  -0.232E-01  -0.108E+00
   408   0.363E+03   0.159E+04   0.661E-01   0.298E-01  -0.326E-01  -0.250E+00
   409   0.363E+03   0.159E+04   0.660E-01   0.298E-01  -0.225E-01  -0.351E+00
   410   0.363E+03   0.159E+04   0.659E-01   0.299E-01  -0.319E-01  -0.237E+00
   411   0.363E+03   0.159E+04   0.659E-01   0.299E-01   0.268E-01  -0.346E+00
   412   0.363E+03   0.159E+04   0.659E-01   0.299E-01  -0.804E-01  -0.407E+00
   413   0.363E+03   0.159E+04   0.658E-01   0.299E-01  -0.697E-01  -0.415E+00
   414   0.363E+03   0.159E+04   0.658E-01   0.299E-01  -0.979E-01  -0.387E+00
   415   0.363E+03   0.159E+04   0.658E-01   0.299E-01  -0.870E-01  -0.250E+00
   416   0.363E+03   0.159E+04   0.658E-01   0.299E-01  -0.125E+00  -0.438E+00
   417   0.363E+03   0.159E+04   0.657E-01   0.299E-01  -0.104E+00  -0.576E+00
   418   0.363E+03   0.159E+04   0.657E-01   0.300E-01  -0.122E+00  -0.229E+00
   419   0.363E+03   0.159E+04   0.656E-01   0.300E-01  -0.149E+00  -0.579E+00
   420   0.362E+03   0.159E+04   0.657E-01   0.300E-01  -0.118E+00  -0.632E+00
   421   0.362E+03   0.159E+04   0.657E-01   0.300E-01  -0.214E+00  -0.509E+00
   422   0.362E+03   0.159E+04   0.657E-01   0.300E-01  -0.172E+00  -0.608E+00
   423   0.362E+03   0.159E+04   0.657E-01   0.300E-01  -0.731E-01  -0.909E+00
   424   0.362E+03   0.158E+04   0.657E-01   0.301E-01  -0.527E-01  -0.842E+00
   425   0.362E+03   0.158E+04   0.657E-01   0.301E-01  -0.188E+00  -0.113E+01
   426   0.362E+03   0.158E+04   0.658E-01   0.301E-01  -0.186E+00  -0.108E+01
   427   0.362E+03   0.158E+04   0.658E-01   0.301E-01  -0.764E-01  -0.129E+01
   428   0.361E+03   0.158E+04   0.659E-01   0.301E-01  -0.105E+00  -0.126E+01
   429   0.361E+03   0.158E+04   0.659E-01   0.302E-01  -0.162E+00  -0.121E+01
   430   0.361E+03   0.158E+04   0.660E-01   0.302E-01  -0.526E-01  -0.123E+01
   431   0.361E+03   0.158E+04   0.660E-01   0.302E-01  -0.338E-02  -0.146E+01
   432   0.361E+03   0.157E+04   0.661E-01   0.302E-01  -0.422E-01  -0.163E+01
   433   0.361E+03   0.157E+04   0.662E-01   0.303E-01  -0.158E+00  -0.162E+01
   434   0.361E+03   0.157E+04   0.663E-01   0.303E-01  -0.117E+00  -0.177E+01
   435   0.361E+03   0.157E+04   0.664E-01   0.303E-01  -0.262E+00  -0.167E+01
   436   0.361E+03   0.157E+04   0.664E-01   0.304E-01  -0.543E-01  -0.179E+01
   437   0.360E+03   0.157E+04   0.664E-01   0.304E-01  -0.828E-01  -0.160E+01
   438   0.360E+03   0.156E+04   0.665E-01   0.305E-01  -0.130E+00  -0.166E+01
   439   0.360E+03   0.156E+04   0.666E-01   0.306E-01  -0.801E-01  -0.171E+01
   440   0.360E+03   0.156E+04   0.667E-01   0.306E-01  -0.196E+00  -0.186E+01
   441   0.360E+03   0.156E+04   0.667E-01   0.307E-01  -0.184E+00  -0.169E+01
   442   0.360E+03   0.156E+04   0.668E-01   0.308E-01  -0.133E+00  -0.160E+01
   443   0.360E+03   0.156E+04   0.668E-01   0.308E-01  -0.170E+00  -0.174E+01
   444   0.359E+03   0.155E+04   0.668E-01   0.309E-01  -0.424E+00  -0.224E+01
   445   0.359E+03   0.155E+04   0.669E-01   0.310E-01  -0.336E+00  -0.217E+01
   446   0.358E+03   0.155E+04   0.669E-01   0.311E-01  -0.451E+00  -0.197E+01
   447   0.358E+03   0.155E+04   0.670E-01   0.312E-01  -0.402E+00  -0.193E+01
   448   0.358E+03   0.155E+04   0.671E-01   0.313E-01  -0.381E+00  -0.218E+01
   449   0.357E+03   0.154E+04   0.672E-01   0.314E-01  -0.390E+00  -0.220E+01
   450   0.357E+03   0.154E+04   0.672E-01   0.315E-01  -0.389E+00  -0.204E+01
   451   0.356E+03   0.154E+04   0.673E-01   0.316E-01  -0.485E+00  -0.180E+01
   452   0.356E+03   0.154E+04   0.673E-01   0.317E-01  -0.474E+00  -0.165E+01
   453   0.355E+03   0.154E+04   0.674E-01   0.318E-01  -0.405E+00  -0.175E+01
   454   0.355E+03   0.153E+04   0.675E-01   0.319E-01  -0.424E+00  -0.170E+01
   455   0.355E+03   0.153E+04   0.676E-01   0.320E-01  -0.500E+00  -0.195E+01
   456   0.354E+03   0.153E+04   0.677E-01   0.321E-01  -0.655E+00  -0.214E+01
   457   0.353E+03   0.153E+04   0.679E-01   0.322E-01  -0.682E+00  -0.185E+01
   458   0.353E+03   0.153E+04   0.681E-01   0.324E-01  -0.642E+00  -0.190E+01
   459   0.352E+03   0.152E+04   0.683E-01   0.325E-01  -0.640E+00  -0.185E+01
   460   0.351E+03   0.152E+04   0.685E-01   0.326E-01  -0.629E+00  -0.197E+01
   461   0.351E+03   0.152E+04   0.687E-01   0.328E-01  -0.627E+00  -0.182E+01
   462   0.350E+03   0.152E+04   0.689E-01   0.329E-01  -0.645E+00  -0.157E+01
   463   0.349E+03   0.152E+04   0.692E-01   0.330E-01  -0.624E+00  -0.160E+01
   464   0.349E+03   0.152E+04   0.694E-01   0.331E-01  -0.584E+00  -0.192E+01
   465   0.348E+03   0.151E+04   0.697E-01   0.332E-01  -0.709E+00  -0.177E+01
   466   0.347E+03   0.151E+04   0.699E-01   0.333E-01  -0.697E+00  -0.169E+01
   467   0.347E+03   0.151E+04   0.701E-01   0.334E-01  -0.783E+00  -0.142E+01
   468   0.346E+03   0.151E+04   0.704E-01   0.336E-01  -0.772E+00  -0.167E+01
   469   0.345E+03   0.151E+04   0.708E-01   0.337E-01  -0.643E+00  -0.162E+01
   470   0.344E+03   0.151E+04   0.711E-01   0.338E-01  -0.729E+00  -0.172E+01
   471   0.344E+03   0.150E+04   0.715E-01   0.339E-01  -0.601E+00  -0.189E+01
   472   0.343E+03   0.150E+04   0.719E-01   0.341E-01  -0.658E+00  -0.178E+01
   473   0.342E+03   0.150E+04   0.722E-01   0.342E-01  -0.802E+00  -0.187E+01
   474   0.342E+03   0.150E+04   0.726E-01   0.343E-01  -0.635E+00  -0.201E+01
   475   0.341E+03   0.150E+04   0.730E-01   0.344E-01  -0.683E+00  -0.188E+01
   476   0.340E+03   0.149E+04   0.733E-01   0.345E-01  -0.749E+00  -0.185E+01
   477   0.340E+03   0.149E+04   0.737E-01   0.346E-01  -0.679E+00  -0.195E+01
   478   0.339E+03   0.149E+04   0.741E-01   0.348E-01  -0.668E+00  -0.164E+01
   479   0.338E+03   0.149E+04   0.745E-01   0.349E-01  -0.773E+00  -0.201E+01
   480   0.338E+03   0.149E+04   0.750E-01   0.350E-01  -0.655E+00  -0.190E+01
   481   0.337E+03   0.149E+04   0.754E-01   0.351E-01  -0.731E+00  -0.198E+01
   482   0.336E+03   0.148E+04   0.758E-01   0.352E-01  -0.768E+00  -0.195E+01
   483   0.335E+03   0.148E+04   0.763E-01   0.353E-01  -0.611E+00  -0.206E+01
   484   0.335E+03   0.148E+04   0.766E-01   0.354E-01  -0.629E+00  -0.196E+01
   485   0.334E+03   0.148E+04   0.770E-01   0.356E-01  -0.842E+00  -0.227E+01
   486   0.333E+03   0.147E+04   0.775E-01   0.357E-01  -0.733E+00  -0.226E+01
   487   0.332E+03   0.147E+04   0.779E-01   0.358E-01  -0.780E+00  -0.223E+01
   488   0.332E+03   0.147E+04   0.784E-01   0.360E-01  -0.662E+00  -0.239E+01
   489   0.331E+03   0.147E+04   0.789E-01   0.361E-01  -0.602E+00  -0.246E+01
   490   0.330E+03   0.146E+04   0.793E-01   0.362E-01  -0.882E+00  -0.289E+01
   491   0.330E+03   0.146E+04   0.797E-01   0.363E-01  -0.667E+00  -0.318E+01
   492   0.329E+03   0.146E+04   0.802E-01   0.365E-01  -0.772E+00  -0.334E+01
   493   0.328E+03   0.145E+04   0.807E-01   0.366E-01  -0.761E+00  -0.323E+01
   494   0.327E+03   0.145E+04   0.811E-01   0.368E-01  -0.652E+00  -0.304E+01
   495   0.327E+03   0.145E+04   0.817E-01   0.369E-01  -0.699E+00  -0.303E+01
   496   0.326E+03   0.145E+04   0.821E-01   0.370E-01  -0.562E+00  -0.275E+01
   497   0.326E+03   0.144E+04   0.825E-01   0.372E-01  -0.677E+00  -0.254E+01
   498   0.325E+03   0.144E+04   0.831E-01   0.374E-01  -0.695E+00  -0.263E+01
   499   0.324E+03   0.144E+04   0.836E-01   0.375E-01  -0.568E+00  -0.260E+01
   500   0.323E+03   0.144E+04   0.841E-01   0.377E-01  -0.800E+00  -0.252E+01
   501   0.323E+03   0.143E+04   0.846E-01   0.379E-01  -0.846E+00  -0.249E+01
   502   0.322E+03   0.143E+04   0.850E-01   0.380E-01  -0.903E+00  -0.254E+01
   503   0.321E+03   0.143E+04   0.856E-01   0.383E-01  -0.823E+00  -0.254E+01
   504   0.320E+03   0.143E+04   0.861E-01   0.385E-01  -0.861E+00  -0.280E+01
   505   0.319E+03   0.142E+04   0.866E-01   0.388E-01  -0.839E+00  -0.268E+01
   506   0.318E+03   0.142E+04   0.872E-01   0.390E-01  -0.838E+00  -0.285E+01
   507   0.317E+03   0.142E+04   0.877E-01   0.392E-01  -0.991E+00  -0.291E+01
   508   0.317E+03   0.141E+04   0.882E-01   0.395E-01  -0.863E+00  -0.266E+01
   509   0.315E+03   0.141E+04   0.886E-01   0.397E-01  -0.108E+01  -0.261E+01
   510   0.315E+03   0.141E+04   0.891E-01   0.399E-01  -0.850E+00  -0.239E+01
   511   0.314E+03   0.141E+04   0.896E-01   0.401E-01  -0.790E+00  -0.232E+01
   512   0.313E+03   0.140E+04   0.901E-01   0.403E-01  -0.856E+00  -0.212E+01
   513   0.312E+03   0.140E+04   0.907E-01   0.405E-01  -0.845E+00  -0.212E+01
   514   0.311E+03   0.140E+04   0.913E-01   0.407E-01  -0.707E+00  -0.229E+01
   515   0.311E+03   0.140E+04   0.920E-01   0.409E-01  -0.754E+00  -0.245E+01
   516   0.310E+03   0.140E+04   0.927E-01   0.411E-01  -0.704E+00  -0.278E+01
   517   0.309E+03   0.139E+04   0.933E-01   0.414E-01  -0.742E+00  -0.284E+01
   518   0.308E+03   0.139E+04   0.940E-01   0.416E-01  -0.721E+00  -0.300E+01
   519   0.308E+03   0.139E+04   0.947E-01   0.418E-01  -0.739E+00  -0.299E+01
   520   0.307E+03   0.138E+04   0.955E-01   0.421E-01  -0.874E+00  -0.303E+01
   521   0.306E+03   0.138E+04   0.962E-01   0.423E-01  -0.103E+01  -0.313E+01
   522   0.305E+03   0.138E+04   0.971E-01   0.425E-01  -0.870E+00  -0.320E+01
   523   0.304E+03   0.137E+04   0.978E-01   0.427E-01  -0.800E+00  -0.339E+01
   524   0.303E+03   0.137E+04   0.985E-01   0.429E-01  -0.857E+00  -0.349E+01
   525   0.303E+03   0.137E+04   0.992E-01   0.431E-01  -0.729E+00  -0.305E+01
   526   0.302E+03   0.136E+04   0.999E-01   0.433E-01  -0.874E+00  -0.314E+01
   527   0.301E+03   0.136E+04   0.101E+00   0.435E-01  -0.785E+00  -0.305E+01
   528   0.300E+03   0.136E+04   0.101E+00   0.437E-01  -0.803E+00  -0.300E+01
   529   0.299E+03   0.136E+04   0.102E+00   0.440E-01  -0.811E+00  -0.261E+01
   530   0.299E+03   0.135E+04   0.102E+00   0.442E-01  -0.741E+00  -0.206E+01
   531   0.298E+03   0.135E+04   0.103E+00   0.445E-01  -0.798E+00  -0.228E+01
   532   0.297E+03   0.135E+04   0.104E+00   0.448E-01  -0.855E+00  -0.251E+01
   533   0.296E+03   0.135E+04   0.105E+00   0.451E-01  -0.815E+00  -0.247E+01
   534   0.295E+03   0.134E+04   0.106E+00   0.454E-01  -0.959E+00  -0.255E+01
   535   0.294E+03   0.134E+04   0.106E+00   0.457E-01  -0.880E+00  -0.257E+01
   536   0.293E+03   0.134E+04   0.107E+00   0.460E-01  -0.103E+01  -0.255E+01
   537   0.292E+03   0.134E+04   0.108E+00   0.463E-01  -0.954E+00  -0.250E+01
   538   0.291E+03   0.133E+04   0.109E+00   0.466E-01  -0.108E+01  -0.220E+01
   539   0.290E+03   0.133E+04   0.109E+00   0.469E-01  -0.892E+00  -0.195E+01
   540   0.289E+03   0.133E+04   0.110E+00   0.472E-01  -0.842E+00  -0.194E+01
   541   0.289E+03   0.133E+04   0.111E+00   0.475E-01  -0.928E+00  -0.197E+01
   542   0.288E+03   0.133E+04   0.112E+00   0.478E-01  -0.946E+00  -0.195E+01
   543   0.287E+03   0.132E+04   0.113E+00   0.480E-01  -0.974E+00  -0.215E+01
   544   0.286E+03   0.132E+04   0.113E+00   0.482E-01  -0.885E+00  -0.224E+01
   545   0.285E+03   0.132E+04   0.114E+00   0.485E-01  -0.971E+00  -0.205E+01
   546   0.284E+03   0.132E+04   0.115E+00   0.488E-01  -0.102E+01  -0.214E+01
   547   0.283E+03   0.132E+04   0.116E+00   0.490E-01  -0.109E+01  -0.199E+01
   548   0.282E+03   0.131E+04   0.117E+00   0.493E-01  -0.849E+00  -0.221E+01
   549   0.281E+03   0.131E+04   0.118E+00   0.496E-01  -0.104E+01  -0.224E+01
   550   0.280E+03   0.131E+04   0.119E+00   0.498E-01  -0.973E+00  -0.227E+01
   551   0.279E+03   0.131E+04   0.120E+00   0.501E-01  -0.709E+00  -0.234E+01
   552   0.278E+03   0.130E+04   0.121E+00   0.503E-01  -0.960E+00  -0.227E+01
   553   0.277E+03   0.130E+04   0.122E+00   0.505E-01  -0.111E+01  -0.234E+01
   554   0.276E+03   0.130E+04   0.123E+00   0.507E-01  -0.115E+01  -0.208E+01
   555   0.275E+03   0.130E+04   0.124E+00   0.509E-01  -0.936E+00  -0.225E+01
   556   0.274E+03   0.130E+04   0.125E+00   0.511E-01  -0.100E+01  -0.224E+01
   557   0.273E+03   0.129E+04   0.126E+00   0.514E-01  -0.111E+01  -0.205E+01
   558   0.272E+03   0.129E+04   0.128E+00   0.516E-01  -0.941E+00  -0.232E+01
   559   0.271E+03   0.129E+04   0.129E+00   0.518E-01  -0.910E+00  -0.223E+01
   560   0.270E+03   0.129E+04   0.130E+00   0.521E-01  -0.909E+00  -0.222E+01
   561   0.269E+03   0.128E+04   0.131E+00   0.523E-01  -0.107E+01  -0.249E+01
   562   0.268E+03   0.128E+04   0.132E+00   0.526E-01  -0.101E+01  -0.239E+01
   563   0.267E+03   0.128E+04   0.134E+00   0.528E-01  -0.104E+01  -0.218E+01
   564   0.266E+03   0.128E+04   0.134E+00   0.531E-01  -0.108E+01  -0.208E+01
   565   0.265E+03   0.127E+04   0.136E+00   0.534E-01  -0.989E+00  -0.229E+01
   566   0.264E+03   0.127E+04   0.137E+00   0.536E-01  -0.110E+01  -0.228E+01
   567   0.263E+03   0.127E+04   0.139E+00   0.539E-01  -0.977E+00  -0.236E+01
   568   0.262E+03   0.127E+04   0.140E+00   0.542E-01  -0.937E+00  -0.257E+01
   569   0.261E+03   0.126E+04   0.141E+00   0.544E-01  -0.115E+01  -0.276E+01
   570   0.260E+03   0.126E+04   0.143E+00   0.547E-01  -0.111E+01  -0.270E+01
   571   0.258E+03   0.126E+04   0.144E+00   0.549E-01  -0.111E+01  -0.277E+01
   572   0.257E+03   0.126E+04   0.145E+00   0.552E-01  -0.124E+01  -0.273E+01
   573   0.256E+03   0.125E+04   0.146E+00   0.555E-01  -0.101E+01  -0.249E+01
   574   0.255E+03   0.125E+04   0.148E+00   0.558E-01  -0.107E+01  -0.240E+01
   575   0.254E+03   0.125E+04   0.149E+00   0.561E-01  -0.106E+01  -0.231E+01
   576   0.253E+03   0.125E+04   0.151E+00   0.564E-01  -0.106E+01  -0.223E+01
   577   0.252E+03   0.125E+04   0.152E+00   0.566E-01  -0.125E+01  -0.219E+01
   578   0.250E+03   0.124E+04   0.154E+00   0.569E-01  -0.129E+01  -0.219E+01
   579   0.249E+03   0.124E+04   0.155E+00   0.572E-01  -0.127E+01  -0.228E+01
   580   0.248E+03   0.124E+04   0.157E+00   0.575E-01  -0.119E+01  -0.215E+01
   581   0.247E+03   0.124E+04   0.158E+00   0.578E-01  -0.109E+01  -0.217E+01
   582   0.246E+03   0.123E+04   0.160E+00   0.582E-01  -0.118E+01  -0.238E+01
   583   0.244E+03   0.123E+04   0.162E+00   0.585E-01  -0.137E+01  -0.236E+01
   584   0.243E+03   0.123E+04   0.164E+00   0.589E-01  -0.134E+01  -0.226E+01
   585   0.242E+03   0.123E+04   0.166E+00   0.593E-01  -0.125E+01  -0.229E+01
   586   0.241E+03   0.122E+04   0.167E+00   0.596E-01  -0.116E+01  -0.200E+01
   587   0.239E+03   0.122E+04   0.169E+00   0.599E-01  -0.141E+01  -0.215E+01
   588   0.238E+03   0.122E+04   0.171E+00   0.602E-01  -0.115E+01  -0.206E+01
   589   0.237E+03   0.122E+04   0.172E+00   0.605E-01  -0.127E+01  -0.188E+01
   590   0.236E+03   0.122E+04   0.175E+00   0.608E-01  -0.973E+00  -0.161E+01
   591   0.235E+03   0.122E+04   0.177E+00   0.611E-01  -0.108E+01  -0.168E+01
   592   0.234E+03   0.121E+04   0.179E+00   0.614E-01  -0.112E+01  -0.184E+01
   593   0.233E+03   0.121E+04   0.181E+00   0.617E-01  -0.109E+01  -0.172E+01
   594   0.231E+03   0.121E+04   0.183E+00   0.621E-01  -0.140E+01  -0.171E+01
   595   0.230E+03   0.121E+04   0.185E+00   0.624E-01  -0.128E+01  -0.162E+01
   596   0.229E+03   0.121E+04   0.188E+00   0.627E-01  -0.105E+01  -0.170E+01
   597   0.228E+03   0.121E+04   0.190E+00   0.631E-01  -0.108E+01  -0.183E+01
   598   0.226E+03   0.120E+04   0.193E+00   0.634E-01  -0.132E+01  -0.227E+01
   599   0.225E+03   0.120E+04   0.195E+00   0.637E-01  -0.117E+01  -0.190E+01
   600   0.224E+03   0.120E+04   0.198E+00   0.640E-01  -0.127E+01  -0.205E+01
   601   0.223E+03   0.120E+04   0.200E+00   0.643E-01  -0.130E+01  -0.216E+01
   602   0.221E+03   0.119E+04   0.203E+00   0.646E-01  -0.148E+01  -0.211E+01
   603   0.220E+03   0.119E+04   0.205E+00   0.648E-01  -0.998E+00  -0.206E+01
   604   0.219E+03   0.119E+04   0.207E+00   0.651E-01  -0.130E+01  -0.252E+01
   605   0.218E+03   0.119E+04   0.209E+00   0.653E-01  -0.112E+01  -0.238E+01
   606   0.217E+03   0.119E+04   0.212E+00   0.656E-01  -0.936E+00  -0.242E+01
   607   0.216E+03   0.118E+04   0.215E+00   0.659E-01  -0.115E+01  -0.233E+01
   608   0.215E+03   0.118E+04   0.218E+00   0.661E-01  -0.113E+01  -0.252E+01
   609   0.214E+03   0.118E+04   0.220E+00   0.664E-01  -0.963E+00  -0.255E+01
   610   0.212E+03   0.118E+04   0.222E+00   0.667E-01  -0.110E+01  -0.255E+01
   611   0.211E+03   0.117E+04   0.225E+00   0.670E-01  -0.102E+01  -0.260E+01
   612   0.210E+03   0.117E+04   0.228E+00   0.673E-01  -0.106E+01  -0.262E+01
   613   0.209E+03   0.117E+04   0.231E+00   0.676E-01  -0.113E+01  -0.257E+01
   614   0.208E+03   0.117E+04   0.234E+00   0.680E-01  -0.113E+01  -0.245E+01
   615   0.207E+03   0.116E+04   0.238E+00   0.683E-01  -0.145E+01  -0.220E+01
   616   0.205E+03   0.116E+04   0.240E+00   0.686E-01  -0.123E+01  -0.178E+01
   617   0.204E+03   0.116E+04   0.244E+00   0.690E-01  -0.124E+01  -0.168E+01
   618   0.203E+03   0.116E+04   0.246E+00   0.694E-01  -0.137E+01  -0.144E+01
   619   0.202E+03   0.116E+04   0.249E+00   0.698E-01  -0.116E+01  -0.142E+01
   620   0.200E+03   0.116E+04   0.252E+00   0.702E-01  -0.127E+01  -0.122E+01
   621   0.199E+03   0.115E+04   0.255E+00   0.706E-01  -0.128E+01  -0.146E+01
   622   0.198E+03   0.115E+04   0.257E+00   0.711E-01  -0.142E+01  -0.146E+01
   623   0.197E+03   0.115E+04   0.260E+00   0.715E-01  -0.109E+01  -0.143E+01
   624   0.195E+03   0.115E+04   0.263E+00   0.719E-01  -0.147E+01  -0.172E+01
   625   0.194E+03   0.115E+04   0.266E+00   0.724E-01  -0.133E+01  -0.211E+01
   626   0.193E+03   0.115E+04   0.269E+00   0.728E-01  -0.128E+01  -0.208E+01
   627   0.191E+03   0.114E+04   0.272E+00   0.732E-01  -0.115E+01  -0.242E+01
   628   0.190E+03   0.114E+04   0.277E+00   0.736E-01  -0.125E+01  -0.245E+01
   629   0.189E+03   0.114E+04   0.280E+00   0.739E-01  -0.119E+01  -0.192E+01
   630   0.188E+03   0.114E+04   0.284E+00   0.742E-01  -0.103E+01  -0.176E+01
   631   0.187E+03   0.113E+04   0.288E+00   0.745E-01  -0.102E+01  -0.194E+01
   632   0.186E+03   0.113E+04   0.292E+00   0.748E-01  -0.116E+01  -0.193E+01
   633   0.184E+03   0.113E+04   0.295E+00   0.750E-01  -0.131E+01  -0.182E+01
   634   0.183E+03   0.113E+04   0.300E+00   0.752E-01  -0.105E+01  -0.157E+01
   635   0.182E+03   0.113E+04   0.304E+00   0.755E-01  -0.119E+01  -0.171E+01
   636   0.181E+03   0.113E+04   0.308E+00   0.758E-01  -0.117E+01  -0.138E+01
   637   0.180E+03   0.112E+04   0.312E+00   0.761E-01  -0.134E+01  -0.146E+01
   638   0.179E+03   0.112E+04   0.317E+00   0.765E-01  -0.110E+01  -0.133E+01
   639   0.177E+03   0.112E+04   0.321E+00   0.769E-01  -0.122E+01  -0.152E+01
   640   0.176E+03   0.112E+04   0.325E+00   0.773E-01  -0.114E+01  -0.113E+01
   641   0.175E+03   0.112E+04   0.329E+00   0.778E-01  -0.123E+01  -0.121E+01
   642   0.174E+03   0.112E+04   0.334E+00   0.781E-01  -0.117E+01  -0.137E+01
   643   0.173E+03   0.112E+04   0.337E+00   0.785E-01  -0.116E+01  -0.164E+01
   644   0.171E+03   0.111E+04   0.341E+00   0.788E-01  -0.113E+01  -0.179E+01
   645   0.170E+03   0.111E+04   0.345E+00   0.792E-01  -0.119E+01  -0.190E+01
   646   0.169E+03   0.111E+04   0.350E+00   0.796E-01  -0.119E+01  -0.162E+01
   647   0.168E+03   0.111E+04   0.354E+00   0.799E-01  -0.134E+01  -0.122E+01
   648   0.167E+03   0.111E+04   0.358E+00   0.802E-01  -0.109E+01  -0.105E+01
   649   0.165E+03   0.111E+04   0.363E+00   0.805E-01  -0.128E+01  -0.101E+01
   650   0.164E+03   0.111E+04   0.368E+00   0.808E-01  -0.988E+00  -0.947E+00
   651   0.163E+03   0.111E+04   0.372E+00   0.810E-01  -0.126E+01  -0.970E+00
   652   0.162E+03   0.110E+04   0.377E+00   0.813E-01  -0.132E+01  -0.104E+01
   653   0.161E+03   0.110E+04   0.382E+00   0.816E-01  -0.124E+01  -0.869E+00
   654   0.159E+03   0.110E+04   0.387E+00   0.818E-01  -0.133E+01  -0.113E+01
   655   0.158E+03   0.110E+04   0.391E+00   0.821E-01  -0.121E+01  -0.122E+01
   656   0.157E+03   0.110E+04   0.396E+00   0.824E-01  -0.146E+01  -0.119E+01
   657   0.155E+03   0.110E+04   0.401E+00   0.828E-01  -0.125E+01  -0.132E+01
   658   0.154E+03   0.110E+04   0.406E+00   0.832E-01  -0.143E+01  -0.143E+01
   659   0.153E+03   0.110E+04   0.411E+00   0.835E-01  -0.127E+01  -0.168E+01
   660   0.151E+03   0.109E+04   0.417E+00   0.837E-01  -0.130E+01  -0.164E+01
   661   0.150E+03   0.109E+04   0.422E+00   0.840E-01  -0.111E+01  -0.141E+01
   662   0.149E+03   0.109E+04   0.427E+00   0.842E-01  -0.114E+01  -0.145E+01
   663   0.148E+03   0.109E+04   0.432E+00   0.844E-01  -0.115E+01  -0.149E+01
   664   0.147E+03   0.109E+04   0.437E+00   0.846E-01  -0.128E+01  -0.163E+01
   665   0.145E+03   0.109E+04   0.443E+00   0.848E-01  -0.129E+01  -0.161E+01
   666   0.144E+03   0.109E+04   0.449E+00   0.850E-01  -0.125E+01  -0.166E+01
   667   0.143E+03   0.108E+04   0.455E+00   0.852E-01  -0.127E+01  -0.182E+01
   668   0.142E+03   0.108E+04   0.461E+00   0.855E-01  -0.116E+01  -0.187E+01
   669   0.141E+03   0.108E+04   0.468E+00   0.857E-01  -0.938E+00  -0.181E+01
   670   0.140E+03   0.108E+04   0.474E+00   0.860E-01  -0.118E+01  -0.159E+01
   671   0.138E+03   0.108E+04   0.481E+00   0.863E-01  -0.151E+01  -0.142E+01
   672   0.137E+03   0.108E+04   0.487E+00   0.867E-01  -0.125E+01  -0.142E+01
   673   0.136E+03   0.107E+04   0.493E+00   0.870E-01  -0.126E+01  -0.110E+01
   674   0.134E+03   0.107E+04   0.499E+00   0.873E-01  -0.116E+01  -0.103E+01
   675   0.133E+03   0.107E+04   0.505E+00   0.877E-01  -0.107E+01  -0.984E+00
   676   0.132E+03   0.107E+04   0.510E+00   0.880E-01  -0.112E+01  -0.110E+01
   677   0.131E+03   0.107E+04   0.517E+00   0.884E-01  -0.132E+01  -0.142E+01
   678   0.130E+03   0.107E+04   0.524E+00   0.887E-01  -0.135E+01  -0.114E+01
   679   0.128E+03   0.107E+04   0.530E+00   0.891E-01  -0.134E+01  -0.910E+00
   680   0.127E+03   0.107E+04   0.537E+00   0.895E-01  -0.113E+01  -0.114E+01
   681   0.126E+03   0.107E+04   0.543E+00   0.899E-01  -0.121E+01  -0.102E+01
   682   0.125E+03   0.106E+04   0.548E+00   0.903E-01  -0.113E+01  -0.951E+00
   683   0.124E+03   0.106E+04   0.554E+00   0.907E-01  -0.108E+01  -0.837E+00
   684   0.122E+03   0.106E+04   0.562E+00   0.910E-01  -0.138E+01  -0.703E+00
   685   0.121E+03   0.106E+04   0.569E+00   0.914E-01  -0.108E+01  -0.599E+00
   686   0.120E+03   0.106E+04   0.575E+00   0.916E-01  -0.105E+01  -0.796E+00
   687   0.119E+03   0.106E+04   0.582E+00   0.918E-01  -0.130E+01  -0.837E+00
   688   0.118E+03   0.106E+04   0.588E+00   0.921E-01  -0.119E+01  -0.994E+00
   689   0.116E+03   0.106E+04   0.594E+00   0.923E-01  -0.122E+01  -0.101E+01
   690   0.115E+03   0.106E+04   0.601E+00   0.927E-01  -0.945E+00  -0.904E+00
   691   0.114E+03   0.106E+04   0.608E+00   0.929E-01  -0.113E+01  -0.105E+01
   692   0.113E+03   0.106E+04   0.616E+00   0.932E-01  -0.110E+01  -0.101E+01
   693   0.112E+03   0.105E+04   0.622E+00   0.934E-01  -0.118E+01  -0.838E+00
   694   0.111E+03   0.105E+04   0.629E+00   0.937E-01  -0.986E+00  -0.850E+00
   695   0.110E+03   0.105E+04   0.635E+00   0.939E-01  -0.112E+01  -0.752E+00
   696   0.109E+03   0.105E+04   0.641E+00   0.941E-01  -0.117E+01  -0.561E+00
   697   0.108E+03   0.105E+04   0.649E+00   0.943E-01  -0.128E+01  -0.488E+00
   698   0.106E+03   0.105E+04   0.655E+00   0.944E-01  -0.123E+01  -0.599E+00
   699   0.105E+03   0.105E+04   0.661E+00   0.946E-01  -0.120E+01  -0.548E+00
   700   0.104E+03   0.105E+04   0.668E+00   0.948E-01  -0.107E+01  -0.665E+00
   701   0.103E+03   0.105E+04   0.675E+00   0.950E-01  -0.106E+01  -0.664E+00
   702   0.102E+03   0.105E+04   0.681E+00   0.953E-01  -0.102E+01  -0.912E+00
   703   0.101E+03   0.105E+04   0.687E+00   0.955E-01  -0.106E+01  -0.930E+00
   704   0.999E+02   0.105E+04   0.693E+00   0.958E-01  -0.101E+01  -0.860E+00
   705   0.989E+02   0.105E+04   0.699E+00   0.960E-01  -0.101E+01  -0.113E+01
   706   0.978E+02   0.104E+04   0.706E+00   0.962E-01  -0.109E+01  -0.123E+01
   707   0.968E+02   0.104E+04   0.711E+00   0.964E-01  -0.974E+00  -0.154E+01
   708   0.960E+02   0.104E+04   0.717E+00   0.966E-01  -0.761E+00  -0.145E+01
   709   0.952E+02   0.104E+04   0.724E+00   0.968E-01  -0.868E+00  -0.162E+01
   710   0.944E+02   0.104E+04   0.731E+00   0.969E-01  -0.801E+00  -0.166E+01
   711   0.935E+02   0.104E+04   0.738E+00   0.970E-01  -0.869E+00  -0.150E+01
   712   0.928E+02   0.104E+04   0.744E+00   0.972E-01  -0.695E+00  -0.142E+01
   713   0.921E+02   0.103E+04   0.750E+00   0.973E-01  -0.715E+00  -0.125E+01
   714   0.913E+02   0.103E+04   0.756E+00   0.975E-01  -0.812E+00  -0.971E+00
   715   0.905E+02   0.103E+04   0.761E+00   0.977E-01  -0.813E+00  -0.545E+00
   716   0.897E+02   0.103E+04   0.767E+00   0.980E-01  -0.716E+00  -0.312E+00
   717   0.889E+02   0.103E+04   0.772E+00   0.982E-01  -0.882E+00   0.409E-01
   718   0.880E+02   0.103E+04   0.777E+00   0.985E-01  -0.854E+00   0.201E+00
   719   0.870E+02   0.103E+04   0.783E+00   0.988E-01  -0.105E+01   0.184E+00
   720   0.861E+02   0.103E+04   0.788E+00   0.992E-01  -0.884E+00   0.430E+00
   721   0.853E+02   0.103E+04   0.792E+00   0.996E-01  -0.778E+00   0.469E+00
   722   0.843E+02   0.103E+04   0.797E+00   0.100E+00  -0.992E+00   0.332E+00
   723   0.834E+02   0.103E+04   0.801E+00   0.100E+00  -0.944E+00   0.328E+00
   724   0.827E+02   0.103E+04   0.805E+00   0.101E+00  -0.712E+00   0.419E+00
   725   0.818E+02   0.104E+04   0.809E+00   0.101E+00  -0.897E+00   0.611E+00
   726   0.809E+02   0.104E+04   0.812E+00   0.102E+00  -0.888E+00   0.444E+00
   727   0.799E+02   0.104E+04   0.816E+00   0.102E+00  -0.101E+01   0.417E+00
   728   0.792E+02   0.104E+04   0.820E+00   0.102E+00  -0.637E+00   0.332E+00
   729   0.785E+02   0.104E+04   0.824E+00   0.102E+00  -0.677E+00   0.700E+00
   730   0.779E+02   0.104E+04   0.828E+00   0.102E+00  -0.599E+00   0.750E+00
   731   0.772E+02   0.104E+04   0.832E+00   0.102E+00  -0.717E+00   0.917E+00
   732   0.764E+02   0.104E+04   0.837E+00   0.102E+00  -0.795E+00   0.840E+00
   733   0.757E+02   0.104E+04   0.841E+00   0.102E+00  -0.776E+00   0.758E+00
   734   0.751E+02   0.104E+04   0.845E+00   0.102E+00  -0.573E+00   0.902E+00
   735   0.743E+02   0.104E+04   0.849E+00   0.102E+00  -0.748E+00   0.115E+01
   736   0.734E+02   0.104E+04   0.853E+00   0.101E+00  -0.895E+00   0.132E+01
   737   0.728E+02   0.105E+04   0.857E+00   0.101E+00  -0.672E+00   0.150E+01
   738   0.723E+02   0.105E+04   0.861E+00   0.101E+00  -0.498E+00   0.152E+01
   739   0.717E+02   0.105E+04   0.865E+00   0.101E+00  -0.586E+00   0.165E+01
   740   0.712E+02   0.105E+04   0.869E+00   0.101E+00  -0.518E+00   0.133E+01
   741   0.706E+02   0.105E+04   0.872E+00   0.101E+00  -0.577E+00   0.137E+01
   742   0.698E+02   0.105E+04   0.874E+00   0.101E+00  -0.762E+00   0.127E+01
   743   0.692E+02   0.105E+04   0.877E+00   0.100E+00  -0.598E+00   0.117E+01
   744   0.685E+02   0.105E+04   0.880E+00   0.100E+00  -0.783E+00   0.109E+01
   745   0.677E+02   0.106E+04   0.883E+00   0.100E+00  -0.725E+00   0.125E+01
   746   0.671E+02   0.106E+04   0.886E+00   0.998E-01  -0.580E+00   0.146E+01
   747   0.666E+02   0.106E+04   0.889E+00   0.996E-01  -0.552E+00   0.169E+01
   748   0.660E+02   0.106E+04   0.891E+00   0.993E-01  -0.630E+00   0.155E+01
   749   0.654E+02   0.106E+04   0.895E+00   0.990E-01  -0.543E+00   0.152E+01
   750   0.647E+02   0.106E+04   0.898E+00   0.986E-01  -0.680E+00   0.170E+01
   751   0.642E+02   0.107E+04   0.899E+00   0.982E-01  -0.544E+00   0.176E+01
   752   0.636E+02   0.107E+04   0.902E+00   0.978E-01  -0.632E+00   0.219E+01
   753   0.630E+02   0.107E+04   0.903E+00   0.974E-01  -0.604E+00   0.223E+01
   754   0.623E+02   0.107E+04   0.906E+00   0.971E-01  -0.634E+00   0.239E+01
   755   0.617E+02   0.108E+04   0.908E+00   0.968E-01  -0.673E+00   0.260E+01
   756   0.612E+02   0.108E+04   0.910E+00   0.965E-01  -0.489E+00   0.264E+01
   757   0.607E+02   0.108E+04   0.913E+00   0.962E-01  -0.451E+00   0.277E+01
   758   0.604E+02   0.108E+04   0.916E+00   0.959E-01  -0.344E+00   0.301E+01
   759   0.598E+02   0.109E+04   0.918E+00   0.956E-01  -0.578E+00   0.292E+01
   760   0.593E+02   0.109E+04   0.920E+00   0.951E-01  -0.501E+00   0.296E+01
   761   0.588E+02   0.109E+04   0.922E+00   0.948E-01  -0.531E+00   0.306E+01
   762   0.581E+02   0.110E+04   0.923E+00   0.944E-01  -0.638E+00   0.312E+01
   763   0.575E+02   0.110E+04   0.926E+00   0.940E-01  -0.619E+00   0.328E+01
   764   0.570E+02   0.110E+04   0.927E+00   0.936E-01  -0.542E+00   0.354E+01
   765   0.564E+02   0.111E+04   0.929E+00   0.931E-01  -0.611E+00   0.352E+01
   766   0.558E+02   0.111E+04   0.931E+00   0.925E-01  -0.544E+00   0.336E+01
   767   0.553E+02   0.111E+04   0.933E+00   0.920E-01  -0.515E+00   0.331E+01
   768   0.548E+02   0.112E+04   0.935E+00   0.914E-01  -0.496E+00   0.339E+01
   769   0.543E+02   0.112E+04   0.936E+00   0.907E-01  -0.536E+00   0.322E+01
   770   0.538E+02   0.112E+04   0.938E+00   0.901E-01  -0.429E+00   0.344E+01
   771   0.534E+02   0.113E+04   0.939E+00   0.894E-01  -0.449E+00   0.339E+01
   772   0.528E+02   0.113E+04   0.940E+00   0.888E-01  -0.596E+00   0.341E+01
   773   0.524E+02   0.113E+04   0.942E+00   0.881E-01  -0.412E+00   0.322E+01
   774   0.520E+02   0.114E+04   0.943E+00   0.874E-01  -0.344E+00   0.349E+01
   775   0.516E+02   0.114E+04   0.945E+00   0.868E-01  -0.413E+00   0.345E+01
   776   0.512E+02   0.114E+04   0.947E+00   0.861E-01  -0.413E+00   0.361E+01
   777   0.509E+02   0.115E+04   0.948E+00   0.853E-01  -0.297E+00   0.363E+01
   778   0.505E+02   0.115E+04   0.950E+00   0.846E-01  -0.404E+00   0.402E+01
   779   0.501E+02   0.116E+04   0.951E+00   0.839E-01  -0.434E+00   0.407E+01
   780   0.497E+02   0.116E+04   0.952E+00   0.832E-01  -0.405E+00   0.403E+01
   781   0.492E+02   0.116E+04   0.954E+00   0.825E-01  -0.435E+00   0.391E+01
   782   0.488E+02   0.117E+04   0.955E+00   0.818E-01  -0.474E+00   0.379E+01
   783   0.484E+02   0.117E+04   0.956E+00   0.811E-01  -0.368E+00   0.355E+01
   784   0.480E+02   0.117E+04   0.957E+00   0.805E-01  -0.359E+00   0.385E+01
   785   0.476E+02   0.118E+04   0.958E+00   0.798E-01  -0.417E+00   0.390E+01
   786   0.473E+02   0.118E+04   0.959E+00   0.792E-01  -0.340E+00   0.389E+01
   787   0.470E+02   0.119E+04   0.960E+00   0.785E-01  -0.273E+00   0.398E+01
   788   0.466E+02   0.119E+04   0.961E+00   0.779E-01  -0.448E+00   0.375E+01
   789   0.462E+02   0.119E+04   0.962E+00   0.772E-01  -0.371E+00   0.366E+01
   790   0.458E+02   0.120E+04   0.962E+00   0.765E-01  -0.361E+00   0.360E+01
   791   0.456E+02   0.120E+04   0.963E+00   0.758E-01  -0.255E+00   0.365E+01
   792   0.452E+02   0.120E+04   0.964E+00   0.750E-01  -0.333E+00   0.370E+01
   793   0.450E+02   0.121E+04   0.965E+00   0.743E-01  -0.226E+00   0.364E+01
   794   0.448E+02   0.121E+04   0.966E+00   0.736E-01  -0.168E+00   0.366E+01
   795   0.445E+02   0.122E+04   0.967E+00   0.729E-01  -0.373E+00   0.383E+01
   796   0.442E+02   0.122E+04   0.968E+00   0.723E-01  -0.257E+00   0.375E+01
   797   0.440E+02   0.122E+04   0.968E+00   0.717E-01  -0.228E+00   0.396E+01
   798   0.436E+02   0.123E+04   0.969E+00   0.710E-01  -0.403E+00   0.390E+01
   799   0.434E+02   0.123E+04   0.970E+00   0.704E-01  -0.199E+00   0.391E+01
   800   0.431E+02   0.123E+04   0.970E+00   0.697E-01  -0.248E+00   0.393E+01
   801   0.430E+02   0.124E+04   0.971E+00   0.691E-01  -0.171E+00   0.396E+01
   802   0.428E+02   0.124E+04   0.972E+00   0.685E-01  -0.152E+00   0.394E+01
   803   0.425E+02   0.125E+04   0.972E+00   0.679E-01  -0.268E+00   0.366E+01
   804   0.423E+02   0.125E+04   0.973E+00   0.674E-01  -0.210E+00   0.359E+01
