  Step oclprog_den oblprog_den   P_oclprog   P_oblprog dot_oclprog dot_oblprog
     1   0.100E+03   0.100E+04   0.771E+00   0.111E+00   0.000E+00   0.000E+00
     2   0.100E+03   0.100E+04   0.771E+00   0.111E+00   0.000E+00   0.000E+00
     3   0.100E+03   0.100E+04   0.771E+00   0.111E+00   0.000E+00   0.000E+00
     4   0.100E+03   0.100E+04   0.771E+00   0.111E+00   0.000E+00   0.000E+00
     5   0.100E+03   0.100E+04   0.771E+00   0.111E+00   0.000E+00   0.000E+00
     6   0.100E+03   0.100E+04   0.771E+00   0.111E+00   0.000E+00   0.000E+00
     7   0.100E+03   0.100E+04   0.771E+00   0.111E+00   0.000E+00   0.000E+00
     8   0.100E+03   0.100E+04   0.771E+00   0.111E+00   0.000E+00   0.000E+00
     9   0.100E+03   0.100E+04   0.771E+00   0.111E+00   0.000E+00   0.000E+00
    10   0.100E+03   0.100E+04   0.771E+00   0.111E+00   0.000E+00   0.000E+00
    11   0.100E+03   0.100E+04   0.771E+00   0.111E+00   0.000E+00   0.000E+00
    12   0.100E+03   0.100E+04   0.771E+00   0.111E+00   0.000E+00   0.000E+00
    13   0.100E+03   0.100E+04   0.771E+00   0.111E+00   0.000E+00   0.000E+00
    14   0.100E+03   0.100E+04   0.771E+00   0.111E+00   0.000E+00   0.000E+00
    15   0.100E+03   0.100E+04   0.771E+00   0.111E+00   0.000E+00   0.000E+00
    16   0.100E+03   0.100E+04   0.771E+00   0.111E+00   0.000E+00   0.000E+00
    17   0.100E+03   0.100E+04   0.771E+00   0.111E+00   0.000E+00   0.000E+00
    18   0.100E+03   0.100E+04   0.771E+00   0.111E+00   0.000E+00   0.000E+00
    19   0.100E+03   0.100E+04   0.771E+00   0.111E+00   0.000E+00   0.000E+00
    20   0.100E+03   0.100E+04   0.771E+00   0.111E+00   0.000E+00   0.000E+00
    21   0.100E+03   0.100E+04   0.771E+00   0.111E+00   0.000E+00   0.000E+00
    22   0.100E+03   0.100E+04   0.771E+00   0.111E+00   0.000E+00   0.000E+00
    23   0.100E+03   0.100E+04   0.771E+00   0.111E+00   0.000E+00   0.000E+00
    24   0.100E+03   0.100E+04   0.771E+00   0.111E+00   0.000E+00   0.000E+00
    25   0.100E+03   0.100E+04   0.771E+00   0.111E+00   0.000E+00   0.000E+00
    26   0.100E+03   0.100E+04   0.771E+00   0.111E+00   0.000E+00   0.000E+00
    27   0.100E+03   0.100E+04   0.771E+00   0.111E+00   0.000E+00   0.000E+00
    28   0.100E+03   0.100E+04   0.771E+00   0.111E+00   0.000E+00   0.000E+00
    29   0.100E+03   0.100E+04   0.771E+00   0.111E+00   0.000E+00   0.000E+00
    30   0.100E+03   0.100E+04   0.771E+00   0.111E+00   0.000E+00   0.000E+00
    31   0.100E+03   0.100E+04   0.771E+00   0.111E+00   0.000E+00   0.000E+00
    32   0.100E+03   0.100E+04   0.771E+00   0.111E+00   0.000E+00   0.000E+00
    33   0.100E+03   0.100E+04   0.771E+00   0.111E+00   0.000E+00   0.000E+00
    34   0.100E+03   0.100E+04   0.771E+00   0.111E+00   0.000E+00   0.000E+00
    35   0.100E+03   0.100E+04   0.771E+00   0.111E+00   0.000E+00   0.000E+00
    36   0.100E+03   0.100E+04   0.771E+00   0.111E+00   0.000E+00   0.000E+00
    37   0.100E+03   0.100E+04   0.771E+00   0.111E+00   0.000E+00   0.000E+00
    38   0.100E+03   0.100E+04   0.771E+00   0.111E+00   0.000E+00   0.000E+00
    39   0.100E+03   0.100E+04   0.771E+00   0.111E+00   0.000E+00   0.000E+00
    40   0.100E+03   0.100E+04   0.771E+00   0.111E+00   0.000E+00   0.000E+00
    41   0.100E+03   0.100E+04   0.771E+00   0.111E+00   0.000E+00   0.000E+00
    42   0.100E+03   0.100E+04   0.771E+00   0.111E+00   0.000E+00   0.000E+00
    43   0.100E+03   0.100E+04   0.771E+00   0.111E+00   0.000E+00   0.000E+00
    44   0.100E+03   0.100E+04   0.771E+00   0.111E+00   0.000E+00   0.000E+00
    45   0.100E+03   0.100E+04   0.771E+00   0.111E+00   0.000E+00   0.000E+00
    46   0.100E+03   0.100E+04   0.771E+00   0.111E+00   0.000E+00   0.000E+00
    47   0.100E+03   0.100E+04   0.771E+00   0.111E+00   0.000E+00   0.000E+00
    48   0.100E+03   0.100E+04   0.771E+00   0.111E+00   0.000E+00   0.000E+00
    49   0.100E+03   0.100E+04   0.771E+00   0.111E+00   0.000E+00   0.000E+00
    50   0.100E+03   0.100E+04   0.771E+00   0.111E+00   0.000E+00   0.000E+00
    51   0.100E+03   0.100E+04   0.771E+00   0.111E+00   0.000E+00   0.000E+00
    52   0.100E+03   0.100E+04   0.771E+00   0.111E+00   0.000E+00   0.000E+00
    53   0.100E+03   0.100E+04   0.771E+00   0.111E+00   0.000E+00   0.000E+00
    54   0.100E+03   0.100E+04   0.771E+00   0.111E+00   0.000E+00   0.000E+00
    55   0.100E+03   0.100E+04   0.771E+00   0.111E+00   0.000E+00   0.000E+00
    56   0.100E+03   0.100E+04   0.771E+00   0.111E+00   0.000E+00   0.000E+00
    57   0.100E+03   0.100E+04   0.771E+00   0.111E+00   0.000E+00   0.000E+00
    58   0.100E+03   0.100E+04   0.771E+00   0.111E+00   0.000E+00   0.000E+00
    59   0.100E+03   0.100E+04   0.771E+00   0.111E+00   0.000E+00   0.000E+00
    60   0.100E+03   0.100E+04   0.771E+00   0.111E+00   0.000E+00   0.000E+00
    61   0.100E+03   0.100E+04   0.771E+00   0.111E+00   0.000E+00   0.000E+00
    62   0.100E+03   0.100E+04   0.771E+00   0.111E+00   0.000E+00   0.000E+00
    63   0.100E+03   0.100E+04   0.771E+00   0.111E+00   0.000E+00   0.000E+00
    64   0.100E+03   0.100E+04   0.771E+00   0.111E+00   0.000E+00   0.000E+00
    65   0.100E+03   0.100E+04   0.771E+00   0.111E+00   0.000E+00   0.000E+00
    66   0.100E+03   0.100E+04   0.771E+00   0.111E+00   0.000E+00   0.000E+00
    67   0.100E+03   0.100E+04   0.771E+00   0.111E+00   0.000E+00   0.000E+00
    68   0.100E+03   0.100E+04   0.771E+00   0.111E+00   0.000E+00   0.000E+00
    69   0.100E+03   0.100E+04   0.771E+00   0.111E+00   0.000E+00   0.000E+00
    70   0.100E+03   0.100E+04   0.771E+00   0.111E+00   0.000E+00   0.000E+00
    71   0.100E+03   0.100E+04   0.771E+00   0.111E+00   0.160E-01   0.332E+01
    72   0.100E+03   0.101E+04   0.771E+00   0.111E+00   0.160E-01   0.329E+01
    73   0.100E+03   0.101E+04   0.771E+00   0.111E+00   0.161E-01   0.326E+01
    74   0.100E+03   0.101E+04   0.771E+00   0.111E+00   0.161E-01   0.322E+01
    75   0.100E+03   0.102E+04   0.771E+00   0.111E+00   0.162E-01   0.319E+01
    76   0.100E+03   0.102E+04   0.771E+00   0.111E+00   0.162E-01   0.316E+01
    77   0.100E+03   0.102E+04   0.771E+00   0.111E+00   0.163E-01   0.312E+01
    78   0.100E+03   0.103E+04   0.771E+00   0.111E+00   0.163E-01   0.309E+01
    79   0.100E+03   0.103E+04   0.771E+00   0.111E+00   0.164E-01   0.305E+01
    80   0.100E+03   0.103E+04   0.771E+00   0.111E+00   0.164E-01   0.302E+01
    81   0.100E+03   0.103E+04   0.771E+00   0.111E+00   0.165E-01   0.299E+01
    82   0.100E+03   0.104E+04   0.771E+00   0.111E+00   0.165E-01   0.295E+01
    83   0.100E+03   0.104E+04   0.771E+00   0.111E+00   0.166E-01   0.292E+01
    84   0.100E+03   0.104E+04   0.771E+00   0.110E+00   0.166E-01   0.289E+01
    85   0.988E+02   0.105E+04   0.771E+00   0.109E+00  -0.142E+01   0.330E+01
    86   0.971E+02   0.105E+04   0.771E+00   0.108E+00  -0.170E+01   0.352E+01
    87   0.955E+02   0.105E+04   0.771E+00   0.107E+00  -0.164E+01   0.391E+01
    88   0.939E+02   0.106E+04   0.771E+00   0.106E+00  -0.158E+01   0.392E+01
    89   0.924E+02   0.106E+04   0.771E+00   0.106E+00  -0.149E+01   0.407E+01
    90   0.907E+02   0.107E+04   0.771E+00   0.105E+00  -0.167E+01   0.413E+01
    91   0.889E+02   0.107E+04   0.771E+00   0.104E+00  -0.180E+01   0.407E+01
    92   0.873E+02   0.107E+04   0.771E+00   0.103E+00  -0.160E+01   0.410E+01
    93   0.855E+02   0.108E+04   0.771E+00   0.102E+00  -0.185E+01   0.420E+01
    94   0.838E+02   0.108E+04   0.770E+00   0.101E+00  -0.162E+01   0.413E+01
    95   0.823E+02   0.109E+04   0.770E+00   0.101E+00  -0.156E+01   0.417E+01
    96   0.807E+02   0.109E+04   0.770E+00   0.999E-01  -0.155E+01   0.403E+01
    97   0.794E+02   0.109E+04   0.770E+00   0.991E-01  -0.132E+01   0.381E+01
    98   0.779E+02   0.110E+04   0.778E+00   0.983E-01  -0.148E+01   0.374E+01
    99   0.767E+02   0.110E+04   0.787E+00   0.974E-01  -0.121E+01   0.337E+01
   100   0.763E+02   0.110E+04   0.795E+00   0.964E-01  -0.416E+00   0.244E+01
   101   0.764E+02   0.111E+04   0.803E+00   0.954E-01   0.595E-01   0.145E+01
   102   0.766E+02   0.111E+04   0.811E+00   0.945E-01   0.196E+00   0.147E+00
   103   0.768E+02   0.111E+04   0.819E+00   0.935E-01   0.244E+00  -0.919E+00
   104   0.771E+02   0.110E+04   0.828E+00   0.925E-01   0.254E+00  -0.220E+01
   105   0.773E+02   0.110E+04   0.835E+00   0.915E-01   0.274E+00  -0.327E+01
   106   0.776E+02   0.110E+04   0.844E+00   0.906E-01   0.284E+00  -0.396E+01
   107   0.779E+02   0.109E+04   0.851E+00   0.896E-01   0.304E+00  -0.496E+01
   108   0.782E+02   0.108E+04   0.858E+00   0.887E-01   0.304E+00  -0.592E+01
   109   0.785E+02   0.108E+04   0.865E+00   0.878E-01   0.304E+00  -0.657E+01
   110   0.788E+02   0.107E+04   0.871E+00   0.870E-01   0.304E+00  -0.756E+01
   111   0.791E+02   0.106E+04   0.877E+00   0.862E-01   0.305E+00  -0.808E+01
   112   0.795E+02   0.105E+04   0.882E+00   0.854E-01   0.305E+00  -0.790E+01
   113   0.798E+02   0.105E+04   0.884E+00   0.849E-01   0.305E+00  -0.814E+01
   114   0.801E+02   0.104E+04   0.883E+00   0.846E-01   0.305E+00  -0.819E+01
   115   0.804E+02   0.103E+04   0.883E+00   0.846E-01   0.306E+00  -0.777E+01
   116   0.807E+02   0.102E+04   0.882E+00   0.848E-01   0.306E+00  -0.735E+01
   117   0.810E+02   0.102E+04   0.881E+00   0.852E-01   0.306E+00  -0.655E+01
   118   0.813E+02   0.101E+04   0.879E+00   0.859E-01   0.306E+00  -0.570E+01
   119   0.816E+02   0.101E+04   0.878E+00   0.868E-01   0.307E+00  -0.463E+01
   120   0.819E+02   0.100E+04   0.877E+00   0.879E-01   0.307E+00  -0.331E+01
   121   0.822E+02   0.100E+04   0.876E+00   0.892E-01   0.307E+00  -0.161E+01
   122   0.825E+02   0.100E+04   0.874E+00   0.907E-01   0.307E+00  -0.371E+00
   123   0.828E+02   0.100E+04   0.873E+00   0.924E-01   0.308E+00   0.872E+00
   124   0.831E+02   0.100E+04   0.872E+00   0.944E-01   0.308E+00   0.158E+01
   125   0.834E+02   0.101E+04   0.871E+00   0.963E-01   0.308E+00   0.325E+01
   126   0.837E+02   0.101E+04   0.869E+00   0.983E-01   0.308E+00   0.454E+01
   127   0.841E+02   0.102E+04   0.868E+00   0.100E+00   0.309E+00   0.571E+01
   128   0.844E+02   0.102E+04   0.867E+00   0.103E+00   0.299E+00   0.653E+01
   129   0.847E+02   0.103E+04   0.865E+00   0.104E+00   0.309E+00   0.693E+01
   130   0.850E+02   0.104E+04   0.864E+00   0.106E+00   0.309E+00   0.803E+01
   131   0.853E+02   0.105E+04   0.863E+00   0.108E+00   0.310E+00   0.870E+01
   132   0.856E+02   0.106E+04   0.861E+00   0.109E+00   0.310E+00   0.903E+01
   133   0.859E+02   0.107E+04   0.860E+00   0.110E+00   0.310E+00   0.968E+01
   134   0.862E+02   0.108E+04   0.859E+00   0.111E+00   0.310E+00   0.985E+01
   135   0.865E+02   0.109E+04   0.857E+00   0.111E+00   0.311E+00   0.984E+01
   136   0.868E+02   0.110E+04   0.856E+00   0.111E+00   0.311E+00   0.101E+02
   137   0.871E+02   0.111E+04   0.855E+00   0.110E+00   0.311E+00   0.101E+02
   138   0.875E+02   0.112E+04   0.853E+00   0.109E+00   0.311E+00   0.104E+02
   139   0.878E+02   0.113E+04   0.852E+00   0.108E+00   0.312E+00   0.104E+02
   140   0.881E+02   0.114E+04   0.850E+00   0.106E+00   0.312E+00   0.105E+02
   141   0.884E+02   0.115E+04   0.849E+00   0.104E+00   0.312E+00   0.106E+02
   142   0.887E+02   0.116E+04   0.848E+00   0.103E+00   0.312E+00   0.105E+02
   143   0.890E+02   0.117E+04   0.846E+00   0.100E+00   0.312E+00   0.106E+02
   144   0.893E+02   0.118E+04   0.845E+00   0.982E-01   0.313E+00   0.103E+02
   145   0.896E+02   0.119E+04   0.843E+00   0.959E-01   0.313E+00   0.105E+02
   146   0.899E+02   0.120E+04   0.842E+00   0.936E-01   0.294E+00   0.102E+02
   147   0.902E+02   0.121E+04   0.840E+00   0.913E-01   0.304E+00   0.990E+01
   148   0.905E+02   0.122E+04   0.839E+00   0.890E-01   0.304E+00   0.987E+01
   149   0.909E+02   0.123E+04   0.838E+00   0.868E-01   0.314E+00   0.967E+01
   150   0.912E+02   0.124E+04   0.836E+00   0.846E-01   0.314E+00   0.986E+01
   151   0.915E+02   0.125E+04   0.835E+00   0.825E-01   0.314E+00   0.950E+01
   152   0.918E+02   0.126E+04   0.833E+00   0.804E-01   0.314E+00   0.934E+01
   153   0.921E+02   0.127E+04   0.832E+00   0.784E-01   0.315E+00   0.923E+01
   154   0.924E+02   0.128E+04   0.830E+00   0.764E-01   0.305E+00   0.913E+01
   155   0.927E+02   0.129E+04   0.829E+00   0.745E-01   0.305E+00   0.905E+01
   156   0.930E+02   0.129E+04   0.827E+00   0.726E-01   0.306E+00   0.883E+01
   157   0.933E+02   0.130E+04   0.826E+00   0.709E-01   0.316E+00   0.869E+01
   158   0.936E+02   0.131E+04   0.824E+00   0.692E-01   0.296E+00   0.845E+01
   159   0.939E+02   0.132E+04   0.823E+00   0.675E-01   0.297E+00   0.827E+01
   160   0.942E+02   0.133E+04   0.821E+00   0.660E-01   0.297E+00   0.813E+01
   161   0.946E+02   0.134E+04   0.820E+00   0.645E-01   0.316E+00   0.804E+01
   162   0.949E+02   0.134E+04   0.818E+00   0.631E-01   0.317E+00   0.782E+01
   163   0.952E+02   0.135E+04   0.817E+00   0.617E-01   0.317E+00   0.759E+01
   164   0.955E+02   0.136E+04   0.815E+00   0.604E-01   0.288E+00   0.756E+01
   165   0.958E+02   0.137E+04   0.814E+00   0.591E-01   0.288E+00   0.725E+01
   166   0.961E+02   0.137E+04   0.812E+00   0.579E-01   0.288E+00   0.703E+01
   167   0.964E+02   0.138E+04   0.810E+00   0.567E-01   0.308E+00   0.683E+01
   168   0.966E+02   0.139E+04   0.809E+00   0.556E-01   0.279E+00   0.678E+01
   169   0.969E+02   0.139E+04   0.807E+00   0.545E-01   0.298E+00   0.658E+01
   170   0.972E+02   0.140E+04   0.806E+00   0.535E-01   0.308E+00   0.645E+01
   171   0.976E+02   0.141E+04   0.804E+00   0.525E-01   0.309E+00   0.636E+01
   172   0.978E+02   0.141E+04   0.803E+00   0.516E-01   0.289E+00   0.615E+01
   173   0.982E+02   0.142E+04   0.801E+00   0.507E-01   0.309E+00   0.597E+01
   174   0.985E+02   0.142E+04   0.800E+00   0.499E-01   0.309E+00   0.570E+01
   175   0.988E+02   0.143E+04   0.798E+00   0.490E-01   0.309E+00   0.584E+01
   176   0.991E+02   0.144E+04   0.796E+00   0.483E-01   0.310E+00   0.559E+01
   177   0.994E+02   0.144E+04   0.795E+00   0.475E-01   0.300E+00   0.538E+01
   178   0.997E+02   0.145E+04   0.794E+00   0.468E-01   0.271E+00   0.525E+01
   179   0.999E+02   0.145E+04   0.792E+00   0.461E-01   0.291E+00   0.511E+01
   180   0.100E+03   0.146E+04   0.790E+00   0.454E-01   0.291E+00   0.504E+01
   181   0.101E+03   0.146E+04   0.789E+00   0.448E-01   0.291E+00   0.486E+01
   182   0.101E+03   0.147E+04   0.787E+00   0.442E-01   0.311E+00   0.461E+01
   183   0.101E+03   0.147E+04   0.786E+00   0.436E-01   0.291E+00   0.465E+01
   184   0.101E+03   0.147E+04   0.784E+00   0.431E-01   0.292E+00   0.435E+01
   185   0.102E+03   0.148E+04   0.783E+00   0.425E-01   0.282E+00   0.440E+01
   186   0.102E+03   0.148E+04   0.781E+00   0.420E-01   0.282E+00   0.417E+01
   187   0.102E+03   0.149E+04   0.780E+00   0.415E-01   0.273E+00   0.412E+01
   188   0.103E+03   0.149E+04   0.778E+00   0.410E-01   0.253E+00   0.401E+01
   189   0.103E+03   0.149E+04   0.776E+00   0.406E-01   0.253E+00   0.385E+01
   190   0.103E+03   0.150E+04   0.775E+00   0.401E-01   0.244E+00   0.381E+01
   191   0.103E+03   0.150E+04   0.773E+00   0.397E-01   0.234E+00   0.366E+01
   192   0.103E+03   0.151E+04   0.772E+00   0.393E-01   0.244E+00   0.349E+01
   193   0.104E+03   0.151E+04   0.770E+00   0.389E-01   0.215E+00   0.352E+01
   194   0.104E+03   0.151E+04   0.769E+00   0.386E-01   0.264E+00   0.336E+01
   195   0.104E+03   0.152E+04   0.767E+00   0.382E-01   0.235E+00   0.304E+01
   196   0.104E+03   0.152E+04   0.765E+00   0.379E-01   0.245E+00   0.305E+01
   197   0.105E+03   0.152E+04   0.764E+00   0.375E-01   0.245E+00   0.294E+01
   198   0.105E+03   0.152E+04   0.762E+00   0.372E-01   0.245E+00   0.285E+01
   199   0.105E+03   0.153E+04   0.761E+00   0.369E-01   0.206E+00   0.247E+01
   200   0.105E+03   0.153E+04   0.759E+00   0.366E-01   0.235E+00   0.272E+01
   201   0.106E+03   0.153E+04   0.758E+00   0.363E-01   0.216E+00   0.240E+01
   202   0.106E+03   0.153E+04   0.757E+00   0.361E-01   0.255E+00   0.247E+01
   203   0.106E+03   0.154E+04   0.755E+00   0.358E-01   0.187E+00   0.234E+01
   204   0.106E+03   0.154E+04   0.754E+00   0.356E-01   0.207E+00   0.220E+01
   205   0.106E+03   0.154E+04   0.753E+00   0.353E-01   0.207E+00   0.222E+01
   206   0.107E+03   0.154E+04   0.752E+00   0.351E-01   0.188E+00   0.219E+01
   207   0.107E+03   0.155E+04   0.750E+00   0.349E-01   0.207E+00   0.193E+01
   208   0.107E+03   0.155E+04   0.749E+00   0.347E-01   0.178E+00   0.193E+01
   209   0.107E+03   0.155E+04   0.748E+00   0.345E-01   0.188E+00   0.175E+01
   210   0.107E+03   0.155E+04   0.746E+00   0.343E-01   0.207E+00   0.164E+01
   211   0.108E+03   0.155E+04   0.745E+00   0.341E-01   0.169E+00   0.166E+01
   212   0.108E+03   0.155E+04   0.744E+00   0.339E-01   0.140E+00   0.152E+01
   213   0.108E+03   0.156E+04   0.743E+00   0.337E-01   0.149E+00   0.169E+01
   214   0.108E+03   0.156E+04   0.741E+00   0.336E-01   0.149E+00   0.131E+01
   215   0.108E+03   0.156E+04   0.740E+00   0.334E-01   0.140E+00   0.125E+01
   216   0.108E+03   0.156E+04   0.739E+00   0.333E-01   0.120E+00   0.124E+01
   217   0.108E+03   0.156E+04   0.738E+00   0.331E-01   0.101E+00   0.117E+01
   218   0.109E+03   0.156E+04   0.737E+00   0.330E-01   0.121E+00   0.102E+01
   219   0.109E+03   0.156E+04   0.736E+00   0.329E-01   0.817E-01   0.982E+00
   220   0.109E+03   0.156E+04   0.735E+00   0.328E-01   0.130E+00   0.950E+00
   221   0.109E+03   0.156E+04   0.734E+00   0.326E-01   0.915E-01   0.956E+00
   222   0.109E+03   0.157E+04   0.733E+00   0.325E-01   0.413E-02   0.757E+00
   223   0.109E+03   0.157E+04   0.731E+00   0.324E-01   0.111E+00   0.725E+00
   224   0.109E+03   0.157E+04   0.731E+00   0.323E-01   0.101E+00   0.825E+00
   225   0.109E+03   0.157E+04   0.730E+00   0.322E-01   0.917E-01   0.754E+00
   226   0.109E+03   0.157E+04   0.729E+00   0.321E-01   0.101E+00   0.606E+00
   227   0.109E+03   0.157E+04   0.728E+00   0.321E-01   0.131E+00   0.484E+00
   228   0.110E+03   0.157E+04   0.727E+00   0.320E-01   0.160E+00   0.570E+00
   229   0.110E+03   0.157E+04   0.727E+00   0.319E-01   0.822E-01   0.522E+00
   230   0.110E+03   0.157E+04   0.726E+00   0.318E-01   0.531E-01   0.527E+00
   231   0.110E+03   0.157E+04   0.725E+00   0.318E-01   0.434E-01   0.787E+00
   232   0.110E+03   0.157E+04   0.725E+00   0.317E-01   0.240E-01   0.484E+00
   233   0.110E+03   0.157E+04   0.724E+00   0.317E-01  -0.343E-01   0.505E+00
   234   0.110E+03   0.157E+04   0.724E+00   0.316E-01   0.531E-01   0.255E+00
   235   0.110E+03   0.157E+04   0.724E+00   0.316E-01   0.240E-01   0.210E+00
   236   0.110E+03   0.157E+04   0.723E+00   0.315E-01   0.629E-01  -0.836E-02
   237   0.110E+03   0.157E+04   0.723E+00   0.315E-01  -0.148E-01   0.174E+00
   238   0.110E+03   0.157E+04   0.722E+00   0.314E-01  -0.440E-01   0.518E-01
   239   0.110E+03   0.157E+04   0.722E+00   0.314E-01  -0.343E-01  -0.132E+00
   240   0.110E+03   0.157E+04   0.721E+00   0.314E-01  -0.343E-01   0.909E-01
   241   0.110E+03   0.157E+04   0.720E+00   0.313E-01  -0.149E-01  -0.870E-01
   242   0.110E+03   0.157E+04   0.719E+00   0.313E-01  -0.538E-01  -0.419E+00
   243   0.110E+03   0.157E+04   0.719E+00   0.313E-01  -0.246E-01  -0.202E+00
   244   0.110E+03   0.157E+04   0.719E+00   0.312E-01   0.240E-01  -0.596E+00
   245   0.110E+03   0.157E+04   0.719E+00   0.312E-01  -0.732E-01  -0.620E+00
   246   0.109E+03   0.157E+04   0.719E+00   0.312E-01  -0.635E-01  -0.570E+00
   247   0.109E+03   0.157E+04   0.719E+00   0.312E-01  -0.441E-01  -0.588E+00
   248   0.109E+03   0.157E+04   0.719E+00   0.311E-01  -0.733E-01  -0.423E+00
   249   0.109E+03   0.157E+04   0.718E+00   0.311E-01  -0.831E-01  -0.402E+00
   250   0.109E+03   0.157E+04   0.718E+00   0.311E-01  -0.345E-01  -0.462E+00
   251   0.109E+03   0.157E+04   0.719E+00   0.311E-01  -0.132E+00  -0.293E+00
   252   0.109E+03   0.157E+04   0.719E+00   0.311E-01  -0.249E-01  -0.371E+00
   253   0.109E+03   0.157E+04   0.719E+00   0.311E-01  -0.929E-01  -0.439E+00
   254   0.109E+03   0.157E+04   0.719E+00   0.311E-01  -0.444E-01  -0.666E+00
   255   0.109E+03   0.157E+04   0.719E+00   0.312E-01  -0.638E-01  -0.819E+00
   256   0.109E+03   0.156E+04   0.719E+00   0.312E-01  -0.122E+00  -0.916E+00
   257   0.109E+03   0.156E+04   0.719E+00   0.312E-01  -0.122E+00  -0.105E+01
   258   0.109E+03   0.156E+04   0.720E+00   0.312E-01  -0.737E-01  -0.896E+00
   259   0.108E+03   0.156E+04   0.720E+00   0.313E-01  -0.103E+00  -0.108E+01
   260   0.108E+03   0.156E+04   0.720E+00   0.313E-01  -0.103E+00  -0.112E+01
   261   0.108E+03   0.156E+04   0.721E+00   0.313E-01  -0.161E+00  -0.102E+01
   262   0.108E+03   0.156E+04   0.721E+00   0.314E-01  -0.152E+00  -0.113E+01
   263   0.108E+03   0.156E+04   0.721E+00   0.314E-01  -0.934E-01  -0.791E+00
   264   0.108E+03   0.156E+04   0.722E+00   0.314E-01  -0.643E-01  -0.824E+00
   265   0.108E+03   0.156E+04   0.722E+00   0.314E-01  -0.935E-01  -0.111E+01
   266   0.108E+03   0.155E+04   0.723E+00   0.314E-01  -0.220E+00  -0.113E+01
   267   0.107E+03   0.155E+04   0.723E+00   0.315E-01  -0.191E+00  -0.115E+01
   268   0.107E+03   0.155E+04   0.723E+00   0.315E-01  -0.201E+00  -0.129E+01
   269   0.107E+03   0.155E+04   0.724E+00   0.316E-01  -0.298E+00  -0.133E+01
   270   0.107E+03   0.155E+04   0.725E+00   0.317E-01  -0.269E+00  -0.133E+01
   271   0.106E+03   0.155E+04   0.725E+00   0.317E-01  -0.230E+00  -0.140E+01
   272   0.106E+03   0.155E+04   0.726E+00   0.318E-01  -0.191E+00  -0.117E+01
   273   0.106E+03   0.155E+04   0.726E+00   0.318E-01  -0.143E+00  -0.144E+01
   274   0.106E+03   0.154E+04   0.727E+00   0.319E-01  -0.124E+00  -0.145E+01
   275   0.106E+03   0.154E+04   0.728E+00   0.320E-01  -0.848E-01  -0.154E+01
   276   0.106E+03   0.154E+04   0.728E+00   0.320E-01  -0.192E+00  -0.134E+01
   277   0.105E+03   0.154E+04   0.729E+00   0.321E-01  -0.221E+00  -0.153E+01
   278   0.105E+03   0.154E+04   0.729E+00   0.321E-01  -0.289E+00  -0.141E+01
   279   0.105E+03   0.154E+04   0.731E+00   0.322E-01  -0.192E+00  -0.157E+01
   280   0.105E+03   0.154E+04   0.732E+00   0.323E-01   0.507E-01  -0.177E+01
   281   0.105E+03   0.153E+04   0.733E+00   0.323E-01   0.206E+00  -0.215E+01
   282   0.105E+03   0.153E+04   0.734E+00   0.324E-01   0.255E+00  -0.240E+01
   283   0.106E+03   0.153E+04   0.736E+00   0.325E-01   0.284E+00  -0.238E+01
   284   0.106E+03   0.153E+04   0.737E+00   0.326E-01   0.294E+00  -0.244E+01
   285   0.106E+03   0.152E+04   0.738E+00   0.327E-01   0.314E+00  -0.244E+01
   286   0.107E+03   0.152E+04   0.739E+00   0.327E-01   0.324E+00  -0.228E+01
   287   0.107E+03   0.152E+04   0.740E+00   0.328E-01   0.324E+00  -0.212E+01
   288   0.107E+03   0.152E+04   0.740E+00   0.329E-01   0.324E+00  -0.187E+01
   289   0.108E+03   0.152E+04   0.741E+00   0.330E-01   0.324E+00  -0.180E+01
   290   0.108E+03   0.151E+04   0.742E+00   0.331E-01   0.324E+00  -0.121E+01
   291   0.108E+03   0.151E+04   0.744E+00   0.332E-01   0.324E+00  -0.107E+01
   292   0.109E+03   0.151E+04   0.745E+00   0.333E-01   0.325E+00  -0.965E+00
   293   0.109E+03   0.151E+04   0.745E+00   0.334E-01   0.325E+00  -0.133E+01
   294   0.109E+03   0.151E+04   0.743E+00   0.335E-01   0.325E+00  -0.982E+00
   295   0.110E+03   0.151E+04   0.742E+00   0.337E-01   0.325E+00  -0.763E+00
   296   0.110E+03   0.151E+04   0.741E+00   0.338E-01   0.325E+00  -0.499E+00
   297   0.110E+03   0.151E+04   0.739E+00   0.340E-01   0.325E+00  -0.484E+00
   298   0.111E+03   0.151E+04   0.737E+00   0.342E-01   0.326E+00  -0.102E-01
   299   0.111E+03   0.151E+04   0.735E+00   0.343E-01   0.326E+00   0.267E+00
   300   0.111E+03   0.151E+04   0.734E+00   0.344E-01   0.326E+00   0.288E+00
   301   0.112E+03   0.151E+04   0.732E+00   0.346E-01   0.326E+00   0.483E+00
   302   0.112E+03   0.151E+04   0.730E+00   0.347E-01   0.316E+00   0.899E+00
   303   0.112E+03   0.151E+04   0.728E+00   0.348E-01   0.317E+00   0.138E+01
   304   0.113E+03   0.151E+04   0.727E+00   0.348E-01   0.326E+00   0.142E+01
   305   0.113E+03   0.151E+04   0.725E+00   0.349E-01   0.327E+00   0.138E+01
   306   0.113E+03   0.152E+04   0.723E+00   0.350E-01   0.317E+00   0.169E+01
   307   0.113E+03   0.152E+04   0.721E+00   0.351E-01   0.327E+00   0.168E+01
   308   0.114E+03   0.152E+04   0.719E+00   0.351E-01   0.327E+00   0.185E+01
   309   0.114E+03   0.152E+04   0.718E+00   0.351E-01   0.327E+00   0.176E+01
   310   0.114E+03   0.152E+04   0.716E+00   0.352E-01   0.327E+00   0.193E+01
   311   0.115E+03   0.152E+04   0.714E+00   0.352E-01   0.327E+00   0.203E+01
   312   0.115E+03   0.153E+04   0.712E+00   0.352E-01   0.328E+00   0.225E+01
   313   0.115E+03   0.153E+04   0.710E+00   0.351E-01   0.328E+00   0.209E+01
   314   0.116E+03   0.153E+04   0.709E+00   0.351E-01   0.328E+00   0.198E+01
   315   0.116E+03   0.153E+04   0.707E+00   0.351E-01   0.328E+00   0.219E+01
   316   0.116E+03   0.154E+04   0.705E+00   0.350E-01   0.328E+00   0.224E+01
   317   0.117E+03   0.154E+04   0.703E+00   0.349E-01   0.328E+00   0.215E+01
   318   0.117E+03   0.154E+04   0.701E+00   0.348E-01   0.328E+00   0.202E+01
   319   0.117E+03   0.154E+04   0.700E+00   0.347E-01   0.329E+00   0.209E+01
   320   0.118E+03   0.154E+04   0.698E+00   0.345E-01   0.329E+00   0.184E+01
   321   0.118E+03   0.155E+04   0.696E+00   0.344E-01   0.329E+00   0.194E+01
   322   0.118E+03   0.155E+04   0.694E+00   0.343E-01   0.329E+00   0.196E+01
   323   0.119E+03   0.155E+04   0.692E+00   0.342E-01   0.329E+00   0.181E+01
   324   0.119E+03   0.155E+04   0.691E+00   0.341E-01   0.329E+00   0.195E+01
   325   0.119E+03   0.155E+04   0.689E+00   0.339E-01   0.329E+00   0.171E+01
   326   0.120E+03   0.155E+04   0.687E+00   0.338E-01   0.329E+00   0.183E+01
   327   0.120E+03   0.156E+04   0.685E+00   0.336E-01   0.320E+00   0.186E+01
   328   0.120E+03   0.156E+04   0.683E+00   0.335E-01   0.320E+00   0.184E+01
   329   0.121E+03   0.156E+04   0.681E+00   0.334E-01   0.330E+00   0.179E+01
   330   0.121E+03   0.156E+04   0.680E+00   0.332E-01   0.330E+00   0.151E+01
   331   0.121E+03   0.156E+04   0.678E+00   0.331E-01   0.330E+00   0.145E+01
   332   0.122E+03   0.156E+04   0.676E+00   0.330E-01   0.330E+00   0.156E+01
   333   0.122E+03   0.157E+04   0.674E+00   0.329E-01   0.330E+00   0.148E+01
   334   0.122E+03   0.157E+04   0.672E+00   0.327E-01   0.330E+00   0.156E+01
   335   0.123E+03   0.157E+04   0.670E+00   0.326E-01   0.330E+00   0.133E+01
   336   0.123E+03   0.157E+04   0.668E+00   0.325E-01   0.331E+00   0.142E+01
   337   0.123E+03   0.157E+04   0.667E+00   0.324E-01   0.331E+00   0.128E+01
   338   0.124E+03   0.157E+04   0.665E+00   0.323E-01   0.331E+00   0.131E+01
   339   0.124E+03   0.157E+04   0.663E+00   0.322E-01   0.331E+00   0.120E+01
   340   0.124E+03   0.158E+04   0.661E+00   0.321E-01   0.331E+00   0.106E+01
   341   0.125E+03   0.158E+04   0.659E+00   0.320E-01   0.331E+00   0.115E+01
   342   0.125E+03   0.158E+04   0.658E+00   0.318E-01   0.331E+00   0.114E+01
   343   0.125E+03   0.158E+04   0.656E+00   0.318E-01   0.331E+00   0.115E+01
   344   0.126E+03   0.158E+04   0.654E+00   0.317E-01   0.331E+00   0.915E+00
   345   0.126E+03   0.158E+04   0.652E+00   0.316E-01   0.331E+00   0.112E+01
   346   0.126E+03   0.158E+04   0.650E+00   0.315E-01   0.332E+00   0.109E+01
   347   0.127E+03   0.158E+04   0.648E+00   0.314E-01   0.332E+00   0.876E+00
   348   0.127E+03   0.158E+04   0.646E+00   0.313E-01   0.332E+00   0.101E+01
   349   0.127E+03   0.158E+04   0.645E+00   0.312E-01   0.322E+00   0.835E+00
   350   0.128E+03   0.159E+04   0.643E+00   0.312E-01   0.312E+00   0.822E+00
   351   0.128E+03   0.159E+04   0.641E+00   0.311E-01   0.313E+00   0.977E+00
   352   0.128E+03   0.159E+04   0.639E+00   0.310E-01   0.322E+00   0.777E+00
   353   0.129E+03   0.159E+04   0.637E+00   0.310E-01   0.313E+00   0.962E+00
   354   0.129E+03   0.159E+04   0.635E+00   0.309E-01   0.323E+00   0.798E+00
   355   0.129E+03   0.159E+04   0.634E+00   0.308E-01   0.332E+00   0.881E+00
   356   0.130E+03   0.159E+04   0.632E+00   0.308E-01   0.313E+00   0.596E+00
   357   0.130E+03   0.159E+04   0.630E+00   0.307E-01   0.323E+00   0.722E+00
   358   0.130E+03   0.159E+04   0.628E+00   0.307E-01   0.323E+00   0.705E+00
   359   0.130E+03   0.159E+04   0.626E+00   0.306E-01   0.323E+00   0.740E+00
   360   0.131E+03   0.159E+04   0.624E+00   0.305E-01   0.333E+00   0.532E+00
   361   0.131E+03   0.159E+04   0.622E+00   0.305E-01   0.333E+00   0.522E+00
   362   0.131E+03   0.159E+04   0.621E+00   0.304E-01   0.323E+00   0.555E+00
   363   0.132E+03   0.159E+04   0.619E+00   0.304E-01   0.314E+00   0.471E+00
   364   0.132E+03   0.160E+04   0.617E+00   0.303E-01   0.304E+00   0.389E+00
   365   0.132E+03   0.160E+04   0.615E+00   0.303E-01   0.294E+00   0.413E+00
   366   0.133E+03   0.160E+04   0.614E+00   0.302E-01   0.304E+00   0.610E+00
   367   0.133E+03   0.160E+04   0.612E+00   0.302E-01   0.314E+00   0.604E+00
   368   0.133E+03   0.160E+04   0.610E+00   0.302E-01   0.294E+00   0.496E+00
   369   0.134E+03   0.160E+04   0.608E+00   0.301E-01   0.324E+00   0.516E+00
   370   0.134E+03   0.160E+04   0.607E+00   0.301E-01   0.314E+00   0.520E+00
   371   0.134E+03   0.160E+04   0.605E+00   0.300E-01   0.314E+00   0.430E+00
   372   0.135E+03   0.160E+04   0.603E+00   0.300E-01   0.304E+00   0.451E+00
   373   0.135E+03   0.160E+04   0.601E+00   0.300E-01   0.324E+00   0.356E+00
   374   0.135E+03   0.160E+04   0.599E+00   0.299E-01   0.275E+00   0.460E+00
   375   0.135E+03   0.160E+04   0.598E+00   0.299E-01   0.305E+00   0.219E+00
   376   0.136E+03   0.160E+04   0.596E+00   0.299E-01   0.285E+00   0.408E+00
   377   0.136E+03   0.160E+04   0.594E+00   0.299E-01   0.285E+00   0.336E+00
   378   0.136E+03   0.160E+04   0.593E+00   0.298E-01   0.305E+00   0.376E+00
   379   0.137E+03   0.160E+04   0.591E+00   0.298E-01   0.285E+00   0.195E+00
   380   0.137E+03   0.160E+04   0.589E+00   0.298E-01   0.295E+00   0.159E+00
   381   0.137E+03   0.160E+04   0.588E+00   0.298E-01   0.247E+00   0.198E+00
   382   0.137E+03   0.160E+04   0.586E+00   0.297E-01   0.256E+00   0.264E+00
   383   0.138E+03   0.160E+04   0.584E+00   0.297E-01   0.247E+00   0.313E+00
   384   0.138E+03   0.160E+04   0.582E+00   0.297E-01   0.217E+00   0.317E+00
   385   0.138E+03   0.160E+04   0.581E+00   0.296E-01   0.276E+00   0.153E+00
   386   0.138E+03   0.160E+04   0.579E+00   0.296E-01   0.276E+00   0.221E+00
   387   0.139E+03   0.160E+04   0.577E+00   0.296E-01   0.266E+00   0.119E+00
   388   0.139E+03   0.160E+04   0.576E+00   0.296E-01   0.208E+00   0.780E-01
   389   0.139E+03   0.160E+04   0.574E+00   0.296E-01   0.198E+00   0.243E-01
   390   0.139E+03   0.160E+04   0.573E+00   0.296E-01   0.218E+00   0.126E+00
   391   0.140E+03   0.160E+04   0.571E+00   0.295E-01   0.257E+00   0.994E-01
   392   0.140E+03   0.160E+04   0.570E+00   0.295E-01   0.247E+00   0.231E-01
   393   0.140E+03   0.160E+04   0.568E+00   0.295E-01   0.208E+00  -0.651E-01
   394   0.140E+03   0.160E+04   0.567E+00   0.295E-01   0.247E+00   0.901E-01
   395   0.140E+03   0.160E+04   0.565E+00   0.295E-01   0.179E+00  -0.368E-01
   396   0.141E+03   0.160E+04   0.564E+00   0.295E-01   0.179E+00   0.154E-01
   397   0.141E+03   0.160E+04   0.563E+00   0.295E-01   0.150E+00  -0.116E+00
   398   0.141E+03   0.160E+04   0.561E+00   0.294E-01   0.257E+00  -0.832E-01
   399   0.141E+03   0.160E+04   0.560E+00   0.294E-01   0.237E+00  -0.102E+00
   400   0.141E+03   0.160E+04   0.558E+00   0.294E-01   0.208E+00  -0.128E+00
   401   0.142E+03   0.160E+04   0.557E+00   0.294E-01   0.179E+00  -0.725E-01
   402   0.142E+03   0.160E+04   0.556E+00   0.294E-01   0.169E+00  -0.627E-01
   403   0.142E+03   0.160E+04   0.555E+00   0.294E-01   0.160E+00  -0.192E+00
   404   0.142E+03   0.160E+04   0.554E+00   0.294E-01   0.169E+00  -0.244E+00
   405   0.142E+03   0.160E+04   0.552E+00   0.294E-01   0.208E+00  -0.337E+00
   406   0.143E+03   0.160E+04   0.551E+00   0.294E-01   0.199E+00  -0.275E+00
   407   0.143E+03   0.160E+04   0.550E+00   0.294E-01   0.208E+00  -0.273E+00
   408   0.143E+03   0.160E+04   0.549E+00   0.294E-01   0.238E+00  -0.373E+00
   409   0.143E+03   0.160E+04   0.548E+00   0.294E-01   0.199E+00  -0.294E+00
   410   0.143E+03   0.160E+04   0.547E+00   0.294E-01   0.150E+00  -0.357E+00
   411   0.144E+03   0.160E+04   0.546E+00   0.294E-01   0.208E+00  -0.396E+00
   412   0.144E+03   0.160E+04   0.545E+00   0.294E-01   0.140E+00  -0.339E+00
   413   0.144E+03   0.160E+04   0.544E+00   0.294E-01   0.140E+00  -0.284E+00
   414   0.144E+03   0.160E+04   0.543E+00   0.294E-01   0.121E+00  -0.369E+00
   415   0.144E+03   0.160E+04   0.542E+00   0.294E-01   0.918E-01  -0.487E+00
   416   0.144E+03   0.160E+04   0.541E+00   0.294E-01   0.102E+00  -0.391E+00
   417   0.144E+03   0.160E+04   0.540E+00   0.295E-01   0.238E-01  -0.421E+00
   418   0.144E+03   0.160E+04   0.539E+00   0.295E-01   0.627E-01  -0.582E+00
   419   0.144E+03   0.160E+04   0.538E+00   0.295E-01   0.170E+00  -0.635E+00
   420   0.145E+03   0.160E+04   0.537E+00   0.295E-01   0.140E+00  -0.694E+00
   421   0.145E+03   0.160E+04   0.536E+00   0.295E-01   0.150E+00  -0.750E+00
   422   0.145E+03   0.160E+04   0.535E+00   0.295E-01   0.170E+00  -0.565E+00
   423   0.145E+03   0.159E+04   0.534E+00   0.296E-01   0.111E+00  -0.516E+00
   424   0.145E+03   0.159E+04   0.533E+00   0.296E-01   0.530E-01  -0.528E+00
   425   0.145E+03   0.159E+04   0.532E+00   0.296E-01   0.822E-01  -0.561E+00
   426   0.145E+03   0.159E+04   0.531E+00   0.296E-01   0.336E-01  -0.571E+00
   427   0.145E+03   0.159E+04   0.531E+00   0.296E-01   0.433E-01  -0.538E+00
   428   0.145E+03   0.159E+04   0.530E+00   0.297E-01   0.725E-01  -0.592E+00
   429   0.145E+03   0.159E+04   0.530E+00   0.297E-01   0.725E-01  -0.456E+00
   430   0.145E+03   0.159E+04   0.530E+00   0.297E-01   0.447E-02  -0.586E+00
   431   0.145E+03   0.159E+04   0.529E+00   0.297E-01  -0.733E-01  -0.843E+00
   432   0.145E+03   0.159E+04   0.528E+00   0.298E-01  -0.102E+00  -0.822E+00
   433   0.145E+03   0.159E+04   0.528E+00   0.298E-01  -0.526E-02  -0.642E+00
   434   0.145E+03   0.159E+04   0.527E+00   0.299E-01  -0.441E-01  -0.671E+00
   435   0.145E+03   0.159E+04   0.526E+00   0.299E-01  -0.733E-01  -0.977E+00
   436   0.145E+03   0.159E+04   0.525E+00   0.299E-01  -0.733E-01  -0.842E+00
   437   0.145E+03   0.158E+04   0.525E+00   0.299E-01  -0.102E+00  -0.974E+00
   438   0.145E+03   0.158E+04   0.525E+00   0.300E-01  -0.247E-01  -0.949E+00
   439   0.145E+03   0.158E+04   0.524E+00   0.300E-01  -0.830E-01  -0.873E+00
   440   0.145E+03   0.158E+04   0.524E+00   0.300E-01  -0.636E-01  -0.706E+00
   441   0.145E+03   0.158E+04   0.524E+00   0.301E-01  -0.344E-01  -0.886E+00
   442   0.145E+03   0.158E+04   0.524E+00   0.301E-01  -0.539E-01  -0.102E+01
   443   0.145E+03   0.158E+04   0.523E+00   0.301E-01  -0.132E+00  -0.122E+01
   444   0.144E+03   0.158E+04   0.524E+00   0.302E-01  -0.219E+00  -0.118E+01
   445   0.144E+03   0.158E+04   0.524E+00   0.302E-01  -0.141E+00  -0.114E+01
   446   0.144E+03   0.158E+04   0.524E+00   0.303E-01  -0.171E+00  -0.135E+01
   447   0.144E+03   0.157E+04   0.525E+00   0.303E-01  -0.229E+00  -0.109E+01
   448   0.144E+03   0.157E+04   0.525E+00   0.303E-01  -0.190E+00  -0.128E+01
   449   0.143E+03   0.157E+04   0.525E+00   0.304E-01  -0.209E+00  -0.148E+01
   450   0.143E+03   0.157E+04   0.526E+00   0.304E-01  -0.297E+00  -0.161E+01
   451   0.143E+03   0.157E+04   0.526E+00   0.305E-01  -0.375E+00  -0.125E+01
   452   0.142E+03   0.157E+04   0.526E+00   0.305E-01  -0.200E+00  -0.153E+01
   453   0.142E+03   0.157E+04   0.527E+00   0.306E-01  -0.248E+00  -0.166E+01
   454   0.142E+03   0.156E+04   0.527E+00   0.306E-01  -0.229E+00  -0.179E+01
   455   0.142E+03   0.156E+04   0.527E+00   0.307E-01  -0.833E-01  -0.146E+01
   456   0.142E+03   0.156E+04   0.528E+00   0.308E-01  -0.190E+00  -0.146E+01
   457   0.141E+03   0.156E+04   0.529E+00   0.308E-01  -0.239E+00  -0.136E+01
   458   0.141E+03   0.156E+04   0.530E+00   0.309E-01  -0.180E+00  -0.140E+01
   459   0.141E+03   0.156E+04   0.531E+00   0.310E-01  -0.151E+00  -0.175E+01
   460   0.141E+03   0.155E+04   0.532E+00   0.310E-01  -0.239E+00  -0.167E+01
   461   0.141E+03   0.155E+04   0.533E+00   0.311E-01  -0.210E+00  -0.167E+01
   462   0.141E+03   0.155E+04   0.534E+00   0.312E-01  -0.161E+00  -0.172E+01
   463   0.140E+03   0.155E+04   0.536E+00   0.313E-01  -0.258E+00  -0.163E+01
   464   0.140E+03   0.155E+04   0.537E+00   0.314E-01  -0.161E+00  -0.174E+01
   465   0.140E+03   0.155E+04   0.539E+00   0.314E-01  -0.132E+00  -0.176E+01
   466   0.140E+03   0.154E+04   0.540E+00   0.315E-01  -0.151E+00  -0.182E+01
   467   0.140E+03   0.154E+04   0.541E+00   0.316E-01  -0.152E+00  -0.204E+01
   468   0.140E+03   0.154E+04   0.541E+00   0.317E-01  -0.152E+00  -0.224E+01
   469   0.139E+03   0.154E+04   0.542E+00   0.318E-01  -0.132E+00  -0.202E+01
   470   0.139E+03   0.154E+04   0.544E+00   0.319E-01  -0.268E+00  -0.214E+01
   471   0.139E+03   0.153E+04   0.545E+00   0.320E-01  -0.229E+00  -0.193E+01
   472   0.139E+03   0.153E+04   0.545E+00   0.321E-01  -0.113E+00  -0.210E+01
   473   0.139E+03   0.153E+04   0.547E+00   0.322E-01  -0.210E+00  -0.199E+01
   474   0.138E+03   0.153E+04   0.548E+00   0.323E-01  -0.152E+00  -0.200E+01
   475   0.138E+03   0.153E+04   0.549E+00   0.324E-01  -0.210E+00  -0.206E+01
   476   0.138E+03   0.152E+04   0.550E+00   0.325E-01  -0.191E+00  -0.218E+01
   477   0.138E+03   0.152E+04   0.551E+00   0.326E-01  -0.239E+00  -0.220E+01
   478   0.138E+03   0.152E+04   0.552E+00   0.327E-01  -0.249E+00  -0.194E+01
   479   0.137E+03   0.152E+04   0.552E+00   0.328E-01  -0.268E+00  -0.190E+01
   480   0.137E+03   0.152E+04   0.553E+00   0.329E-01  -0.268E+00  -0.197E+01
   481   0.137E+03   0.151E+04   0.554E+00   0.331E-01  -0.288E+00  -0.178E+01
   482   0.136E+03   0.151E+04   0.555E+00   0.332E-01  -0.298E+00  -0.173E+01
   483   0.136E+03   0.151E+04   0.556E+00   0.333E-01  -0.210E+00  -0.177E+01
   484   0.136E+03   0.151E+04   0.557E+00   0.335E-01  -0.220E+00  -0.137E+01
   485   0.136E+03   0.151E+04   0.558E+00   0.336E-01  -0.230E+00  -0.156E+01
   486   0.136E+03   0.151E+04   0.559E+00   0.337E-01  -0.152E+00  -0.150E+01
   487   0.135E+03   0.150E+04   0.560E+00   0.339E-01  -0.346E+00  -0.123E+01
   488   0.135E+03   0.150E+04   0.561E+00   0.340E-01  -0.337E+00  -0.157E+01
   489   0.134E+03   0.150E+04   0.562E+00   0.341E-01  -0.444E+00  -0.140E+01
   490   0.134E+03   0.150E+04   0.563E+00   0.343E-01  -0.405E+00  -0.162E+01
   491   0.134E+03   0.150E+04   0.565E+00   0.344E-01  -0.454E+00  -0.165E+01
   492   0.133E+03   0.150E+04   0.566E+00   0.345E-01  -0.347E+00  -0.193E+01
   493   0.133E+03   0.149E+04   0.568E+00   0.347E-01  -0.279E+00  -0.168E+01
   494   0.133E+03   0.149E+04   0.569E+00   0.348E-01  -0.298E+00  -0.144E+01
   495   0.132E+03   0.149E+04   0.571E+00   0.349E-01  -0.405E+00  -0.122E+01
   496   0.132E+03   0.149E+04   0.572E+00   0.350E-01  -0.512E+00  -0.105E+01
   497   0.131E+03   0.149E+04   0.573E+00   0.351E-01  -0.522E+00  -0.114E+01
   498   0.131E+03   0.149E+04   0.574E+00   0.352E-01  -0.532E+00  -0.137E+01
   499   0.130E+03   0.149E+04   0.575E+00   0.353E-01  -0.377E+00  -0.145E+01
   500   0.130E+03   0.149E+04   0.577E+00   0.354E-01  -0.377E+00  -0.165E+01
   501   0.130E+03   0.148E+04   0.579E+00   0.355E-01  -0.377E+00  -0.144E+01
   502   0.129E+03   0.148E+04   0.581E+00   0.356E-01  -0.367E+00  -0.143E+01
   503   0.129E+03   0.148E+04   0.583E+00   0.357E-01  -0.358E+00  -0.156E+01
   504   0.128E+03   0.148E+04   0.586E+00   0.358E-01  -0.416E+00  -0.150E+01
   505   0.128E+03   0.148E+04   0.588E+00   0.359E-01  -0.406E+00  -0.189E+01
   506   0.128E+03   0.148E+04   0.589E+00   0.361E-01  -0.348E+00  -0.185E+01
   507   0.127E+03   0.147E+04   0.591E+00   0.362E-01  -0.416E+00  -0.178E+01
   508   0.127E+03   0.147E+04   0.593E+00   0.363E-01  -0.465E+00  -0.180E+01
   509   0.127E+03   0.147E+04   0.596E+00   0.363E-01  -0.271E+00  -0.171E+01
   510   0.126E+03   0.147E+04   0.599E+00   0.364E-01  -0.378E+00  -0.185E+01
   511   0.126E+03   0.147E+04   0.602E+00   0.365E-01  -0.388E+00  -0.206E+01
   512   0.125E+03   0.146E+04   0.604E+00   0.366E-01  -0.475E+00  -0.225E+01
   513   0.125E+03   0.146E+04   0.606E+00   0.367E-01  -0.378E+00  -0.239E+01
   514   0.125E+03   0.146E+04   0.608E+00   0.368E-01  -0.310E+00  -0.245E+01
   515   0.124E+03   0.146E+04   0.610E+00   0.369E-01  -0.184E+00  -0.225E+01
   516   0.124E+03   0.146E+04   0.612E+00   0.370E-01  -0.359E+00  -0.224E+01
   517   0.124E+03   0.145E+04   0.614E+00   0.372E-01  -0.310E+00  -0.246E+01
   518   0.123E+03   0.145E+04   0.616E+00   0.373E-01  -0.291E+00  -0.251E+01
   519   0.123E+03   0.145E+04   0.618E+00   0.374E-01  -0.291E+00  -0.265E+01
   520   0.123E+03   0.144E+04   0.621E+00   0.376E-01  -0.359E+00  -0.263E+01
   521   0.122E+03   0.144E+04   0.623E+00   0.377E-01  -0.427E+00  -0.279E+01
   522   0.122E+03   0.144E+04   0.625E+00   0.378E-01  -0.311E+00  -0.286E+01
   523   0.122E+03   0.144E+04   0.627E+00   0.379E-01  -0.418E+00  -0.279E+01
   524   0.121E+03   0.143E+04   0.629E+00   0.381E-01  -0.506E+00  -0.235E+01
   525   0.121E+03   0.143E+04   0.632E+00   0.383E-01  -0.438E+00  -0.238E+01
   526   0.120E+03   0.143E+04   0.634E+00   0.385E-01  -0.428E+00  -0.220E+01
   527   0.120E+03   0.143E+04   0.636E+00   0.386E-01  -0.380E+00  -0.248E+01
   528   0.119E+03   0.142E+04   0.637E+00   0.388E-01  -0.477E+00  -0.251E+01
   529   0.119E+03   0.142E+04   0.639E+00   0.390E-01  -0.390E+00  -0.227E+01
   530   0.119E+03   0.142E+04   0.640E+00   0.392E-01  -0.351E+00  -0.233E+01
   531   0.118E+03   0.142E+04   0.642E+00   0.394E-01  -0.400E+00  -0.231E+01
   532   0.118E+03   0.142E+04   0.644E+00   0.396E-01  -0.332E+00  -0.238E+01
   533   0.117E+03   0.141E+04   0.646E+00   0.398E-01  -0.478E+00  -0.258E+01
   534   0.117E+03   0.141E+04   0.648E+00   0.400E-01  -0.429E+00  -0.231E+01
   535   0.117E+03   0.141E+04   0.650E+00   0.402E-01  -0.361E+00  -0.195E+01
   536   0.116E+03   0.141E+04   0.652E+00   0.405E-01  -0.527E+00  -0.187E+01
   537   0.116E+03   0.140E+04   0.655E+00   0.407E-01  -0.478E+00  -0.190E+01
   538   0.115E+03   0.140E+04   0.657E+00   0.409E-01  -0.537E+00  -0.202E+01
   539   0.115E+03   0.140E+04   0.660E+00   0.410E-01  -0.605E+00  -0.177E+01
   540   0.114E+03   0.140E+04   0.662E+00   0.412E-01  -0.605E+00  -0.149E+01
   541   0.113E+03   0.140E+04   0.664E+00   0.414E-01  -0.606E+00  -0.174E+01
   542   0.113E+03   0.140E+04   0.667E+00   0.416E-01  -0.528E+00  -0.132E+01
   543   0.112E+03   0.139E+04   0.669E+00   0.418E-01  -0.645E+00  -0.141E+01
   544   0.112E+03   0.139E+04   0.671E+00   0.420E-01  -0.616E+00  -0.150E+01
   545   0.111E+03   0.139E+04   0.673E+00   0.422E-01  -0.539E+00  -0.129E+01
   546   0.111E+03   0.139E+04   0.675E+00   0.425E-01  -0.442E+00  -0.159E+01
   547   0.110E+03   0.139E+04   0.678E+00   0.427E-01  -0.481E+00  -0.166E+01
   548   0.109E+03   0.139E+04   0.680E+00   0.428E-01  -0.646E+00  -0.177E+01
   549   0.109E+03   0.139E+04   0.683E+00   0.430E-01  -0.549E+00  -0.195E+01
   550   0.108E+03   0.138E+04   0.685E+00   0.432E-01  -0.482E+00  -0.168E+01
   551   0.108E+03   0.138E+04   0.688E+00   0.433E-01  -0.492E+00  -0.199E+01
   552   0.107E+03   0.138E+04   0.692E+00   0.435E-01  -0.599E+00  -0.199E+01
   553   0.107E+03   0.138E+04   0.695E+00   0.436E-01  -0.492E+00  -0.183E+01
   554   0.106E+03   0.138E+04   0.699E+00   0.438E-01  -0.337E+00  -0.197E+01
   555   0.106E+03   0.137E+04   0.702E+00   0.439E-01  -0.386E+00  -0.216E+01
   556   0.106E+03   0.137E+04   0.705E+00   0.440E-01  -0.367E+00  -0.234E+01
   557   0.105E+03   0.137E+04   0.709E+00   0.442E-01  -0.435E+00  -0.209E+01
   558   0.105E+03   0.137E+04   0.712E+00   0.443E-01  -0.396E+00  -0.198E+01
   559   0.104E+03   0.137E+04   0.714E+00   0.444E-01  -0.523E+00  -0.204E+01
   560   0.104E+03   0.136E+04   0.717E+00   0.446E-01  -0.523E+00  -0.207E+01
   561   0.103E+03   0.136E+04   0.720E+00   0.447E-01  -0.484E+00  -0.247E+01
   562   0.103E+03   0.136E+04   0.723E+00   0.449E-01  -0.475E+00  -0.240E+01
   563   0.102E+03   0.136E+04   0.726E+00   0.451E-01  -0.504E+00  -0.217E+01
   564   0.102E+03   0.135E+04   0.729E+00   0.453E-01  -0.417E+00  -0.219E+01
   565   0.102E+03   0.135E+04   0.732E+00   0.455E-01  -0.349E+00  -0.231E+01
   566   0.101E+03   0.135E+04   0.735E+00   0.456E-01  -0.505E+00  -0.220E+01
   567   0.101E+03   0.135E+04   0.736E+00   0.458E-01  -0.466E+00  -0.208E+01
   568   0.100E+03   0.134E+04   0.739E+00   0.460E-01  -0.506E+00  -0.218E+01
   569   0.997E+02   0.134E+04   0.741E+00   0.462E-01  -0.457E+00  -0.155E+01
   570   0.993E+02   0.134E+04   0.743E+00   0.464E-01  -0.448E+00  -0.156E+01
   571   0.988E+02   0.134E+04   0.745E+00   0.466E-01  -0.438E+00  -0.157E+01
   572   0.985E+02   0.134E+04   0.748E+00   0.468E-01  -0.351E+00  -0.141E+01
   573   0.980E+02   0.134E+04   0.751E+00   0.470E-01  -0.429E+00  -0.135E+01
   574   0.976E+02   0.134E+04   0.753E+00   0.473E-01  -0.439E+00  -0.967E+00
   575   0.970E+02   0.134E+04   0.756E+00   0.475E-01  -0.634E+00  -0.828E+00
   576   0.964E+02   0.133E+04   0.759E+00   0.477E-01  -0.566E+00  -0.874E+00
   577   0.958E+02   0.133E+04   0.761E+00   0.480E-01  -0.576E+00  -0.730E+00
   578   0.952E+02   0.133E+04   0.763E+00   0.482E-01  -0.586E+00  -0.538E+00
   579   0.948E+02   0.133E+04   0.765E+00   0.484E-01  -0.480E+00  -0.525E+00
   580   0.941E+02   0.133E+04   0.768E+00   0.486E-01  -0.636E+00  -0.688E+00
   581   0.935E+02   0.133E+04   0.771E+00   0.489E-01  -0.587E+00  -0.672E+00
   582   0.930E+02   0.133E+04   0.773E+00   0.490E-01  -0.568E+00  -0.897E+00
   583   0.925E+02   0.133E+04   0.775E+00   0.492E-01  -0.462E+00  -0.635E+00
   584   0.920E+02   0.133E+04   0.778E+00   0.494E-01  -0.530E+00  -0.395E+00
   585   0.912E+02   0.133E+04   0.780E+00   0.495E-01  -0.744E+00  -0.393E+00
   586   0.906E+02   0.133E+04   0.782E+00   0.496E-01  -0.638E+00  -0.471E+00
   587   0.899E+02   0.133E+04   0.784E+00   0.497E-01  -0.726E+00  -0.519E+00
   588   0.891E+02   0.133E+04   0.787E+00   0.498E-01  -0.717E+00  -0.419E+00
   589   0.887E+02   0.133E+04   0.790E+00   0.499E-01  -0.474E+00  -0.417E+00
   590   0.883E+02   0.133E+04   0.793E+00   0.500E-01  -0.368E+00  -0.626E+00
   591   0.877E+02   0.133E+04   0.796E+00   0.501E-01  -0.572E+00  -0.531E+00
   592   0.872E+02   0.133E+04   0.799E+00   0.501E-01  -0.553E+00  -0.293E+00
   593   0.866E+02   0.133E+04   0.802E+00   0.502E-01  -0.554E+00  -0.381E+00
   594   0.862E+02   0.133E+04   0.805E+00   0.503E-01  -0.399E+00  -0.321E+00
   595   0.857E+02   0.133E+04   0.808E+00   0.504E-01  -0.496E+00  -0.190E+00
   596   0.851E+02   0.132E+04   0.810E+00   0.504E-01  -0.603E+00  -0.652E+00
   597   0.846E+02   0.132E+04   0.813E+00   0.505E-01  -0.507E+00  -0.717E+00
   598   0.841E+02   0.132E+04   0.816E+00   0.505E-01  -0.478E+00  -0.737E+00
   599   0.835E+02   0.132E+04   0.820E+00   0.506E-01  -0.614E+00  -0.975E+00
   600   0.830E+02   0.132E+04   0.823E+00   0.506E-01  -0.576E+00  -0.727E+00
   601   0.823E+02   0.132E+04   0.827E+00   0.507E-01  -0.635E+00  -0.885E+00
   602   0.818E+02   0.132E+04   0.829E+00   0.507E-01  -0.480E+00  -0.100E+01
   603   0.813E+02   0.132E+04   0.831E+00   0.508E-01  -0.490E+00  -0.944E+00
   604   0.810E+02   0.132E+04   0.833E+00   0.508E-01  -0.393E+00  -0.974E+00
   605   0.804E+02   0.132E+04   0.836E+00   0.509E-01  -0.529E+00  -0.107E+01
   606   0.799E+02   0.132E+04   0.839E+00   0.509E-01  -0.491E+00  -0.964E+00
   607   0.794E+02   0.131E+04   0.840E+00   0.509E-01  -0.579E+00  -0.109E+01
   608   0.789E+02   0.131E+04   0.843E+00   0.510E-01  -0.482E+00  -0.119E+01
   609   0.784E+02   0.131E+04   0.845E+00   0.510E-01  -0.512E+00  -0.141E+01
   610   0.778E+02   0.131E+04   0.848E+00   0.511E-01  -0.512E+00  -0.128E+01
   611   0.774E+02   0.131E+04   0.850E+00   0.512E-01  -0.445E+00  -0.122E+01
   612   0.770E+02   0.131E+04   0.853E+00   0.513E-01  -0.435E+00  -0.119E+01
   613   0.765E+02   0.131E+04   0.855E+00   0.514E-01  -0.484E+00  -0.107E+01
   614   0.761E+02   0.131E+04   0.858E+00   0.515E-01  -0.417E+00  -0.103E+01
   615   0.756E+02   0.131E+04   0.860E+00   0.516E-01  -0.446E+00  -0.802E+00
   616   0.752E+02   0.130E+04   0.862E+00   0.517E-01  -0.398E+00  -0.668E+00
   617   0.748E+02   0.130E+04   0.864E+00   0.518E-01  -0.398E+00  -0.813E+00
   618   0.745E+02   0.130E+04   0.866E+00   0.519E-01  -0.350E+00  -0.562E+00
   619   0.741E+02   0.130E+04   0.869E+00   0.520E-01  -0.341E+00  -0.630E+00
   620   0.737E+02   0.130E+04   0.871E+00   0.522E-01  -0.428E+00  -0.696E+00
   621   0.732E+02   0.130E+04   0.873E+00   0.523E-01  -0.536E+00  -0.863E+00
   622   0.726E+02   0.130E+04   0.875E+00   0.525E-01  -0.556E+00  -0.494E+00
   623   0.721E+02   0.130E+04   0.877E+00   0.526E-01  -0.469E+00  -0.541E+00
   624   0.716E+02   0.130E+04   0.879E+00   0.527E-01  -0.498E+00  -0.245E+00
   625   0.712E+02   0.130E+04   0.881E+00   0.529E-01  -0.470E+00   0.132E+00
   626   0.709E+02   0.130E+04   0.883E+00   0.530E-01  -0.324E+00  -0.949E-02
   627   0.705E+02   0.130E+04   0.885E+00   0.531E-01  -0.402E+00   0.636E-01
   628   0.700E+02   0.130E+04   0.886E+00   0.532E-01  -0.412E+00   0.412E+00
   629   0.697E+02   0.130E+04   0.888E+00   0.533E-01  -0.345E+00   0.352E+00
   630   0.693E+02   0.130E+04   0.890E+00   0.534E-01  -0.374E+00   0.541E+00
   631   0.690E+02   0.130E+04   0.891E+00   0.535E-01  -0.365E+00   0.638E+00
   632   0.686E+02   0.130E+04   0.892E+00   0.535E-01  -0.404E+00   0.792E+00
   633   0.682E+02   0.130E+04   0.894E+00   0.536E-01  -0.317E+00   0.913E+00
   634   0.678E+02   0.130E+04   0.896E+00   0.537E-01  -0.405E+00   0.893E+00
   635   0.674E+02   0.131E+04   0.898E+00   0.538E-01  -0.415E+00   0.100E+01
   636   0.670E+02   0.131E+04   0.900E+00   0.538E-01  -0.464E+00   0.975E+00
   637   0.665E+02   0.131E+04   0.902E+00   0.539E-01  -0.474E+00   0.109E+01
   638   0.660E+02   0.131E+04   0.903E+00   0.538E-01  -0.465E+00   0.115E+01
   639   0.656E+02   0.131E+04   0.905E+00   0.538E-01  -0.417E+00   0.110E+01
   640   0.651E+02   0.131E+04   0.906E+00   0.538E-01  -0.475E+00   0.110E+01
   641   0.646E+02   0.131E+04   0.908E+00   0.538E-01  -0.476E+00   0.999E+00
   642   0.641E+02   0.131E+04   0.909E+00   0.537E-01  -0.583E+00   0.112E+01
   643   0.636E+02   0.131E+04   0.910E+00   0.537E-01  -0.477E+00   0.128E+01
   644   0.631E+02   0.132E+04   0.911E+00   0.536E-01  -0.497E+00   0.129E+01
   645   0.627E+02   0.132E+04   0.913E+00   0.535E-01  -0.342E+00   0.130E+01
   646   0.623E+02   0.132E+04   0.914E+00   0.534E-01  -0.420E+00   0.134E+01
   647   0.618E+02   0.132E+04   0.915E+00   0.533E-01  -0.508E+00   0.143E+01
   648   0.615E+02   0.132E+04   0.917E+00   0.532E-01  -0.314E+00   0.142E+01
   649   0.610E+02   0.132E+04   0.918E+00   0.531E-01  -0.499E+00   0.133E+01
   650   0.606E+02   0.132E+04   0.920E+00   0.529E-01  -0.364E+00   0.142E+01
   651   0.603E+02   0.133E+04   0.921E+00   0.528E-01  -0.345E+00   0.134E+01
   652   0.600E+02   0.133E+04   0.923E+00   0.527E-01  -0.326E+00   0.149E+01
   653   0.596E+02   0.133E+04   0.924E+00   0.526E-01  -0.374E+00   0.149E+01
   654   0.592E+02   0.133E+04   0.926E+00   0.525E-01  -0.375E+00   0.112E+01
   655   0.589E+02   0.133E+04   0.928E+00   0.523E-01  -0.346E+00   0.106E+01
   656   0.585E+02   0.133E+04   0.929E+00   0.522E-01  -0.385E+00   0.102E+01
   657   0.581E+02   0.133E+04   0.931E+00   0.520E-01  -0.386E+00   0.108E+01
   658   0.577E+02   0.133E+04   0.932E+00   0.519E-01  -0.357E+00   0.125E+01
   659   0.575E+02   0.134E+04   0.933E+00   0.517E-01  -0.251E+00   0.131E+01
   660   0.571E+02   0.134E+04   0.935E+00   0.516E-01  -0.406E+00   0.979E+00
   661   0.567E+02   0.134E+04   0.936E+00   0.514E-01  -0.436E+00   0.104E+01
   662   0.562E+02   0.134E+04   0.937E+00   0.513E-01  -0.446E+00   0.117E+01
   663   0.558E+02   0.134E+04   0.938E+00   0.511E-01  -0.379E+00   0.134E+01
   664   0.556E+02   0.134E+04   0.939E+00   0.510E-01  -0.262E+00   0.135E+01
   665   0.550E+02   0.134E+04   0.940E+00   0.508E-01  -0.535E+00   0.137E+01
   666   0.547E+02   0.134E+04   0.941E+00   0.506E-01  -0.370E+00   0.117E+01
   667   0.542E+02   0.134E+04   0.942E+00   0.505E-01  -0.497E+00   0.109E+01
   668   0.538E+02   0.135E+04   0.943E+00   0.504E-01  -0.400E+00   0.123E+01
   669   0.535E+02   0.135E+04   0.944E+00   0.503E-01  -0.274E+00   0.929E+00
   670   0.533E+02   0.135E+04   0.945E+00   0.502E-01  -0.216E+00   0.117E+01
   671   0.530E+02   0.135E+04   0.946E+00   0.501E-01  -0.256E+00   0.121E+01
   672   0.528E+02   0.135E+04   0.947E+00   0.499E-01  -0.246E+00   0.113E+01
   673   0.525E+02   0.135E+04   0.948E+00   0.498E-01  -0.285E+00   0.126E+01
   674   0.522E+02   0.135E+04   0.949E+00   0.497E-01  -0.257E+00   0.132E+01
   675   0.521E+02   0.135E+04   0.950E+00   0.496E-01  -0.179E+00   0.134E+01
   676   0.519E+02   0.136E+04   0.951E+00   0.494E-01  -0.189E+00   0.158E+01
   677   0.516E+02   0.136E+04   0.952E+00   0.493E-01  -0.257E+00   0.147E+01
   678   0.514E+02   0.136E+04   0.953E+00   0.491E-01  -0.228E+00   0.159E+01
   679   0.511E+02   0.136E+04   0.954E+00   0.490E-01  -0.258E+00   0.144E+01
   680   0.509E+02   0.136E+04   0.955E+00   0.489E-01  -0.248E+00   0.168E+01
   681   0.506E+02   0.136E+04   0.956E+00   0.488E-01  -0.229E+00   0.163E+01
   682   0.503E+02   0.137E+04   0.957E+00   0.487E-01  -0.385E+00   0.167E+01
   683   0.498E+02   0.137E+04   0.957E+00   0.486E-01  -0.415E+00   0.171E+01
   684   0.493E+02   0.137E+04   0.958E+00   0.484E-01  -0.522E+00   0.148E+01
   685   0.490E+02   0.137E+04   0.958E+00   0.483E-01  -0.357E+00   0.152E+01
   686   0.486E+02   0.137E+04   0.959E+00   0.482E-01  -0.348E+00   0.154E+01
   687   0.483E+02   0.137E+04   0.959E+00   0.481E-01  -0.339E+00   0.168E+01
   688   0.480E+02   0.137E+04   0.960E+00   0.479E-01  -0.242E+00   0.163E+01
   689   0.476E+02   0.138E+04   0.960E+00   0.478E-01  -0.398E+00   0.193E+01
   690   0.473E+02   0.138E+04   0.961E+00   0.476E-01  -0.301E+00   0.179E+01
   691   0.470E+02   0.138E+04   0.961E+00   0.475E-01  -0.331E+00   0.188E+01
   692   0.468E+02   0.138E+04   0.962E+00   0.473E-01  -0.244E+00   0.174E+01
   693   0.466E+02   0.138E+04   0.962E+00   0.471E-01  -0.186E+00   0.172E+01
   694   0.465E+02   0.139E+04   0.963E+00   0.470E-01  -0.499E-01   0.179E+01
   695   0.464E+02   0.139E+04   0.964E+00   0.468E-01  -0.147E+00   0.192E+01
   696   0.463E+02   0.139E+04   0.965E+00   0.467E-01  -0.987E-01   0.177E+01
   697   0.461E+02   0.139E+04   0.966E+00   0.465E-01  -0.196E+00   0.182E+01
   698   0.458E+02   0.139E+04   0.966E+00   0.464E-01  -0.255E+00   0.197E+01
   699   0.457E+02   0.140E+04   0.967E+00   0.462E-01  -0.158E+00   0.194E+01
   700   0.455E+02   0.140E+04   0.968E+00   0.461E-01  -0.177E+00   0.191E+01
   701   0.452E+02   0.140E+04   0.968E+00   0.459E-01  -0.284E+00   0.187E+01
   702   0.450E+02   0.140E+04   0.969E+00   0.457E-01  -0.188E+00   0.195E+01
   703   0.448E+02   0.140E+04   0.970E+00   0.455E-01  -0.256E+00   0.193E+01
   704   0.445E+02   0.140E+04   0.970E+00   0.454E-01  -0.295E+00   0.204E+01
   705   0.442E+02   0.141E+04   0.971E+00   0.452E-01  -0.227E+00   0.209E+01
   706   0.439E+02   0.141E+04   0.971E+00   0.450E-01  -0.325E+00   0.217E+01
   707   0.435E+02   0.141E+04   0.971E+00   0.449E-01  -0.384E+00   0.217E+01
   708   0.432E+02   0.141E+04   0.971E+00   0.447E-01  -0.297E+00   0.210E+01
   709   0.430E+02   0.142E+04   0.971E+00   0.445E-01  -0.239E+00   0.209E+01
   710   0.428E+02   0.142E+04   0.972E+00   0.444E-01  -0.220E+00   0.224E+01
   711   0.426E+02   0.142E+04   0.972E+00   0.442E-01  -0.220E+00   0.216E+01
   712   0.424E+02   0.142E+04   0.973E+00   0.440E-01  -0.181E+00   0.213E+01
   713   0.422E+02   0.142E+04   0.973E+00   0.438E-01  -0.172E+00   0.213E+01
   714   0.420E+02   0.143E+04   0.973E+00   0.437E-01  -0.172E+00   0.232E+01
   715   0.419E+02   0.143E+04   0.974E+00   0.435E-01  -0.143E+00   0.225E+01
   716   0.417E+02   0.143E+04   0.974E+00   0.433E-01  -0.172E+00   0.211E+01
   717   0.416E+02   0.143E+04   0.975E+00   0.431E-01  -0.134E+00   0.214E+01
   718   0.415E+02   0.143E+04   0.975E+00   0.430E-01  -0.134E+00   0.192E+01
   719   0.413E+02   0.144E+04   0.976E+00   0.428E-01  -0.134E+00   0.190E+01
   720   0.412E+02   0.144E+04   0.976E+00   0.426E-01  -0.144E+00   0.199E+01
   721   0.410E+02   0.144E+04   0.977E+00   0.424E-01  -0.134E+00   0.211E+01
   722   0.409E+02   0.144E+04   0.977E+00   0.422E-01  -0.106E+00   0.222E+01
   723   0.408E+02   0.145E+04   0.977E+00   0.420E-01  -0.115E+00   0.208E+01
   724   0.407E+02   0.145E+04   0.978E+00   0.419E-01  -0.125E+00   0.199E+01
   725   0.406E+02   0.145E+04   0.978E+00   0.417E-01  -0.574E-01   0.180E+01
   726   0.406E+02   0.145E+04   0.978E+00   0.415E-01  -0.283E-01   0.175E+01
   727   0.405E+02   0.145E+04   0.978E+00   0.413E-01  -0.769E-01   0.157E+01
   728   0.404E+02   0.145E+04   0.979E+00   0.411E-01  -0.116E+00   0.149E+01
   729   0.402E+02   0.146E+04   0.979E+00   0.409E-01  -0.184E+00   0.152E+01
   730   0.401E+02   0.146E+04   0.979E+00   0.408E-01  -0.116E+00   0.157E+01
   731   0.400E+02   0.146E+04   0.979E+00   0.406E-01  -0.136E+00   0.173E+01
   732   0.398E+02   0.146E+04   0.980E+00   0.404E-01  -0.146E+00   0.171E+01
   733   0.398E+02   0.146E+04   0.980E+00   0.403E-01  -0.682E-01   0.182E+01
   734   0.396E+02   0.146E+04   0.980E+00   0.401E-01  -0.156E+00   0.164E+01
   735   0.395E+02   0.147E+04   0.980E+00   0.399E-01  -0.137E+00   0.183E+01
   736   0.393E+02   0.147E+04   0.980E+00   0.398E-01  -0.166E+00   0.175E+01
   737   0.392E+02   0.147E+04   0.980E+00   0.396E-01  -0.592E-01   0.172E+01
   738   0.391E+02   0.147E+04   0.981E+00   0.395E-01  -0.118E+00   0.154E+01
   739   0.389E+02   0.147E+04   0.981E+00   0.393E-01  -0.205E+00   0.176E+01
   740   0.387E+02   0.147E+04   0.981E+00   0.392E-01  -0.244E+00   0.177E+01
   741   0.385E+02   0.148E+04   0.981E+00   0.391E-01  -0.148E+00   0.181E+01
   742   0.384E+02   0.148E+04   0.981E+00   0.390E-01  -0.128E+00   0.187E+01
   743   0.381E+02   0.148E+04   0.981E+00   0.389E-01  -0.284E+00   0.171E+01
   744   0.380E+02   0.148E+04   0.981E+00   0.387E-01  -0.158E+00   0.155E+01
   745   0.378E+02   0.148E+04   0.982E+00   0.386E-01  -0.178E+00   0.167E+01
   746   0.376E+02   0.148E+04   0.982E+00   0.385E-01  -0.139E+00   0.165E+01
   747   0.375E+02   0.149E+04   0.982E+00   0.383E-01  -0.120E+00   0.146E+01
   748   0.374E+02   0.149E+04   0.982E+00   0.382E-01  -0.139E+00   0.147E+01
   749   0.372E+02   0.149E+04   0.982E+00   0.381E-01  -0.140E+00   0.152E+01
   750   0.370E+02   0.149E+04   0.982E+00   0.379E-01  -0.198E+00   0.162E+01
   751   0.369E+02   0.149E+04   0.983E+00   0.378E-01  -0.169E+00   0.184E+01
   752   0.368E+02   0.149E+04   0.983E+00   0.377E-01  -0.819E-01   0.198E+01
   753   0.368E+02   0.150E+04   0.983E+00   0.376E-01  -0.334E-01   0.190E+01
   754   0.368E+02   0.150E+04   0.983E+00   0.374E-01  -0.432E-02   0.174E+01
   755   0.367E+02   0.150E+04   0.983E+00   0.373E-01  -0.238E-01   0.167E+01
   756   0.367E+02   0.150E+04   0.984E+00   0.372E-01  -0.238E-01   0.150E+01
   757   0.367E+02   0.150E+04   0.984E+00   0.371E-01  -0.433E-01   0.157E+01
   758   0.366E+02   0.150E+04   0.984E+00   0.369E-01  -0.239E-01   0.143E+01
   759   0.366E+02   0.151E+04   0.984E+00   0.368E-01  -0.919E-01   0.133E+01
   760   0.366E+02   0.151E+04   0.985E+00   0.367E-01   0.148E-01   0.143E+01
   761   0.366E+02   0.151E+04   0.985E+00   0.366E-01   0.246E-01   0.142E+01
   762   0.365E+02   0.151E+04   0.985E+00   0.365E-01  -0.531E-01   0.133E+01
   763   0.364E+02   0.151E+04   0.985E+00   0.364E-01  -0.102E+00   0.132E+01
   764   0.363E+02   0.151E+04   0.985E+00   0.363E-01  -0.180E+00   0.167E+01
   765   0.362E+02   0.151E+04   0.985E+00   0.361E-01  -0.102E+00   0.154E+01
   766   0.361E+02   0.152E+04   0.985E+00   0.360E-01  -0.246E-01   0.159E+01
   767   0.361E+02   0.152E+04   0.985E+00   0.359E-01  -0.441E-01   0.157E+01
   768   0.360E+02   0.152E+04   0.986E+00   0.358E-01  -0.635E-01   0.158E+01
   769   0.359E+02   0.152E+04   0.986E+00   0.356E-01  -0.122E+00   0.169E+01
   770   0.358E+02   0.152E+04   0.986E+00   0.355E-01  -0.103E+00   0.163E+01
   771   0.358E+02   0.152E+04   0.986E+00   0.354E-01  -0.348E-01   0.151E+01
   772   0.357E+02   0.153E+04   0.986E+00   0.354E-01  -0.543E-01   0.155E+01
   773   0.356E+02   0.153E+04   0.986E+00   0.353E-01  -0.132E+00   0.153E+01
   774   0.355E+02   0.153E+04   0.986E+00   0.352E-01  -0.934E-01   0.153E+01
   775   0.355E+02   0.153E+04   0.986E+00   0.351E-01  -0.255E-01   0.147E+01
   776   0.353E+02   0.153E+04   0.986E+00   0.350E-01  -0.113E+00   0.159E+01
   777   0.353E+02   0.153E+04   0.986E+00   0.349E-01  -0.354E-01   0.154E+01
   778   0.353E+02   0.153E+04   0.986E+00   0.348E-01  -0.160E-01   0.154E+01
   779   0.353E+02   0.154E+04   0.986E+00   0.347E-01  -0.160E-01   0.153E+01
   780   0.352E+02   0.154E+04   0.986E+00   0.346E-01  -0.113E+00   0.140E+01
   781   0.351E+02   0.154E+04   0.986E+00   0.345E-01  -0.551E-01   0.139E+01
   782   0.351E+02   0.154E+04   0.986E+00   0.343E-01  -0.163E-01   0.136E+01
   783   0.350E+02   0.154E+04   0.987E+00   0.342E-01  -0.455E-01   0.122E+01
   784   0.350E+02   0.154E+04   0.987E+00   0.341E-01  -0.650E-01   0.128E+01
   785   0.348E+02   0.154E+04   0.987E+00   0.340E-01  -0.143E+00   0.127E+01
   786   0.349E+02   0.155E+04   0.987E+00   0.339E-01   0.611E-01   0.118E+01
   787   0.349E+02   0.155E+04   0.987E+00   0.338E-01  -0.263E-01   0.123E+01
   788   0.348E+02   0.155E+04   0.987E+00   0.337E-01  -0.263E-01   0.124E+01
   789   0.348E+02   0.155E+04   0.987E+00   0.336E-01  -0.555E-01   0.130E+01
   790   0.347E+02   0.155E+04   0.987E+00   0.335E-01  -0.945E-01   0.129E+01
   791   0.346E+02   0.155E+04   0.987E+00   0.334E-01  -0.104E+00   0.127E+01
   792   0.346E+02   0.155E+04   0.987E+00   0.333E-01  -0.170E-01   0.108E+01
   793   0.345E+02   0.155E+04   0.987E+00   0.333E-01  -0.656E-01   0.107E+01
   794   0.344E+02   0.155E+04   0.987E+00   0.332E-01  -0.852E-01   0.104E+01
   795   0.344E+02   0.156E+04   0.987E+00   0.331E-01  -0.270E-01   0.107E+01
   796   0.343E+02   0.156E+04   0.987E+00   0.330E-01  -0.756E-01   0.967E+00
   797   0.342E+02   0.156E+04   0.987E+00   0.329E-01  -0.854E-01   0.104E+01
   798   0.342E+02   0.156E+04   0.988E+00   0.329E-01  -0.564E-01   0.108E+01
   799   0.342E+02   0.156E+04   0.988E+00   0.328E-01  -0.787E-02   0.991E+00
   800   0.341E+02   0.156E+04   0.988E+00   0.327E-01  -0.467E-01   0.981E+00
   801   0.340E+02   0.156E+04   0.988E+00   0.326E-01  -0.954E-01   0.891E+00
   802   0.339E+02   0.156E+04   0.988E+00   0.326E-01  -0.105E+00   0.906E+00
   803   0.338E+02   0.156E+04   0.988E+00   0.325E-01  -0.860E-01   0.862E+00
   804   0.338E+02   0.156E+04   0.988E+00   0.324E-01  -0.569E-01   0.848E+00
