  Step oclprog_den oblprog_den   P_oclprog   P_oblprog dot_oclprog dot_oblprog
     1   0.100E+03   0.100E+04   0.771E+00   0.111E+00   0.000E+00   0.000E+00
     2   0.100E+03   0.100E+04   0.771E+00   0.111E+00   0.000E+00   0.000E+00
     3   0.100E+03   0.100E+04   0.771E+00   0.111E+00   0.000E+00   0.000E+00
     4   0.100E+03   0.100E+04   0.771E+00   0.111E+00   0.000E+00   0.000E+00
     5   0.100E+03   0.100E+04   0.771E+00   0.111E+00   0.000E+00   0.000E+00
     6   0.100E+03   0.100E+04   0.771E+00   0.111E+00   0.000E+00   0.000E+00
     7   0.100E+03   0.100E+04   0.771E+00   0.111E+00   0.000E+00   0.000E+00
     8   0.100E+03   0.100E+04   0.771E+00   0.111E+00   0.000E+00   0.000E+00
     9   0.100E+03   0.100E+04   0.771E+00   0.111E+00   0.000E+00   0.000E+00
    10   0.100E+03   0.100E+04   0.771E+00   0.111E+00   0.000E+00   0.000E+00
    11   0.100E+03   0.100E+04   0.771E+00   0.111E+00   0.000E+00   0.000E+00
    12   0.100E+03   0.100E+04   0.771E+00   0.111E+00   0.000E+00   0.000E+00
    13   0.100E+03   0.100E+04   0.771E+00   0.111E+00   0.000E+00   0.000E+00
    14   0.100E+03   0.100E+04   0.771E+00   0.111E+00   0.000E+00   0.000E+00
    15   0.100E+03   0.100E+04   0.771E+00   0.111E+00   0.000E+00   0.000E+00
    16   0.100E+03   0.100E+04   0.771E+00   0.111E+00   0.000E+00   0.000E+00
    17   0.100E+03   0.100E+04   0.771E+00   0.111E+00   0.000E+00   0.000E+00
    18   0.100E+03   0.100E+04   0.771E+00   0.111E+00   0.000E+00   0.000E+00
    19   0.100E+03   0.100E+04   0.771E+00   0.111E+00   0.000E+00   0.000E+00
    20   0.100E+03   0.100E+04   0.771E+00   0.111E+00   0.000E+00   0.000E+00
    21   0.100E+03   0.100E+04   0.771E+00   0.111E+00   0.000E+00   0.000E+00
    22   0.100E+03   0.100E+04   0.771E+00   0.111E+00   0.000E+00   0.000E+00
    23   0.100E+03   0.100E+04   0.771E+00   0.111E+00   0.000E+00   0.000E+00
    24   0.100E+03   0.100E+04   0.771E+00   0.111E+00   0.000E+00   0.000E+00
    25   0.100E+03   0.100E+04   0.771E+00   0.111E+00   0.000E+00   0.000E+00
    26   0.100E+03   0.100E+04   0.771E+00   0.111E+00   0.000E+00   0.000E+00
    27   0.100E+03   0.100E+04   0.771E+00   0.111E+00   0.000E+00   0.000E+00
    28   0.100E+03   0.100E+04   0.771E+00   0.111E+00   0.000E+00   0.000E+00
    29   0.100E+03   0.100E+04   0.771E+00   0.111E+00   0.000E+00   0.000E+00
    30   0.100E+03   0.100E+04   0.771E+00   0.111E+00   0.000E+00   0.000E+00
    31   0.100E+03   0.100E+04   0.771E+00   0.111E+00   0.000E+00   0.000E+00
    32   0.100E+03   0.100E+04   0.771E+00   0.111E+00   0.000E+00   0.000E+00
    33   0.100E+03   0.100E+04   0.771E+00   0.111E+00   0.000E+00   0.000E+00
    34   0.100E+03   0.100E+04   0.771E+00   0.111E+00   0.000E+00   0.000E+00
    35   0.100E+03   0.100E+04   0.771E+00   0.111E+00   0.000E+00   0.000E+00
    36   0.100E+03   0.100E+04   0.771E+00   0.111E+00   0.000E+00   0.000E+00
    37   0.100E+03   0.100E+04   0.771E+00   0.111E+00   0.000E+00   0.000E+00
    38   0.100E+03   0.100E+04   0.771E+00   0.111E+00   0.000E+00   0.000E+00
    39   0.100E+03   0.100E+04   0.771E+00   0.111E+00   0.000E+00   0.000E+00
    40   0.100E+03   0.100E+04   0.771E+00   0.111E+00   0.000E+00   0.000E+00
    41   0.100E+03   0.100E+04   0.771E+00   0.111E+00   0.000E+00   0.000E+00
    42   0.100E+03   0.100E+04   0.771E+00   0.111E+00   0.000E+00   0.000E+00
    43   0.100E+03   0.100E+04   0.771E+00   0.111E+00   0.000E+00   0.000E+00
    44   0.100E+03   0.100E+04   0.771E+00   0.111E+00   0.000E+00   0.000E+00
    45   0.100E+03   0.100E+04   0.771E+00   0.111E+00   0.000E+00   0.000E+00
    46   0.100E+03   0.100E+04   0.771E+00   0.111E+00   0.000E+00   0.000E+00
    47   0.100E+03   0.100E+04   0.771E+00   0.111E+00   0.000E+00   0.000E+00
    48   0.100E+03   0.100E+04   0.771E+00   0.111E+00   0.000E+00   0.000E+00
    49   0.100E+03   0.100E+04   0.771E+00   0.111E+00   0.000E+00   0.000E+00
    50   0.100E+03   0.100E+04   0.771E+00   0.111E+00   0.000E+00   0.000E+00
    51   0.100E+03   0.100E+04   0.771E+00   0.111E+00   0.000E+00   0.000E+00
    52   0.100E+03   0.100E+04   0.771E+00   0.111E+00   0.000E+00   0.000E+00
    53   0.100E+03   0.100E+04   0.771E+00   0.111E+00   0.000E+00   0.000E+00
    54   0.100E+03   0.100E+04   0.771E+00   0.111E+00   0.000E+00   0.000E+00
    55   0.100E+03   0.100E+04   0.771E+00   0.111E+00   0.000E+00   0.000E+00
    56   0.100E+03   0.100E+04   0.771E+00   0.111E+00   0.000E+00   0.000E+00
    57   0.100E+03   0.100E+04   0.771E+00   0.111E+00   0.000E+00   0.000E+00
    58   0.100E+03   0.100E+04   0.771E+00   0.111E+00   0.000E+00   0.000E+00
    59   0.100E+03   0.100E+04   0.771E+00   0.111E+00   0.000E+00   0.000E+00
    60   0.100E+03   0.100E+04   0.771E+00   0.111E+00   0.000E+00   0.000E+00
    61   0.100E+03   0.100E+04   0.771E+00   0.111E+00   0.000E+00   0.000E+00
    62   0.100E+03   0.100E+04   0.771E+00   0.111E+00   0.000E+00   0.000E+00
    63   0.100E+03   0.100E+04   0.771E+00   0.111E+00   0.000E+00   0.000E+00
    64   0.100E+03   0.100E+04   0.771E+00   0.111E+00   0.000E+00   0.000E+00
    65   0.100E+03   0.100E+04   0.771E+00   0.111E+00   0.000E+00   0.000E+00
    66   0.100E+03   0.100E+04   0.771E+00   0.111E+00   0.000E+00   0.000E+00
    67   0.100E+03   0.100E+04   0.771E+00   0.111E+00   0.000E+00   0.000E+00
    68   0.100E+03   0.100E+04   0.771E+00   0.111E+00   0.000E+00   0.000E+00
    69   0.100E+03   0.100E+04   0.771E+00   0.111E+00   0.000E+00   0.000E+00
    70   0.100E+03   0.100E+04   0.771E+00   0.111E+00   0.000E+00   0.000E+00
    71   0.100E+03   0.100E+04   0.771E+00   0.111E+00   0.160E-01   0.332E+01
    72   0.100E+03   0.101E+04   0.771E+00   0.111E+00   0.160E-01   0.329E+01
    73   0.100E+03   0.101E+04   0.771E+00   0.111E+00   0.161E-01   0.326E+01
    74   0.100E+03   0.101E+04   0.771E+00   0.111E+00   0.161E-01   0.322E+01
    75   0.100E+03   0.102E+04   0.771E+00   0.111E+00   0.162E-01   0.319E+01
    76   0.100E+03   0.102E+04   0.771E+00   0.111E+00   0.162E-01   0.316E+01
    77   0.100E+03   0.102E+04   0.771E+00   0.111E+00   0.163E-01   0.312E+01
    78   0.100E+03   0.103E+04   0.771E+00   0.111E+00   0.163E-01   0.309E+01
    79   0.100E+03   0.103E+04   0.771E+00   0.111E+00   0.164E-01   0.305E+01
    80   0.100E+03   0.103E+04   0.771E+00   0.111E+00   0.164E-01   0.302E+01
    81   0.100E+03   0.103E+04   0.771E+00   0.111E+00   0.165E-01   0.299E+01
    82   0.100E+03   0.104E+04   0.771E+00   0.111E+00   0.165E-01   0.295E+01
    83   0.100E+03   0.104E+04   0.771E+00   0.111E+00   0.166E-01   0.292E+01
    84   0.100E+03   0.104E+04   0.771E+00   0.110E+00   0.166E-01   0.289E+01
    85   0.100E+03   0.105E+04   0.771E+00   0.109E+00  -0.139E+00   0.330E+01
    86   0.997E+02   0.105E+04   0.771E+00   0.108E+00  -0.421E+00   0.352E+01
    87   0.993E+02   0.105E+04   0.771E+00   0.107E+00  -0.364E+00   0.391E+01
    88   0.990E+02   0.106E+04   0.771E+00   0.106E+00  -0.297E+00   0.392E+01
    89   0.988E+02   0.106E+04   0.771E+00   0.106E+00  -0.211E+00   0.407E+01
    90   0.984E+02   0.107E+04   0.771E+00   0.105E+00  -0.386E+00   0.413E+01
    91   0.979E+02   0.107E+04   0.771E+00   0.104E+00  -0.523E+00   0.407E+01
    92   0.976E+02   0.107E+04   0.771E+00   0.103E+00  -0.321E+00   0.410E+01
    93   0.970E+02   0.108E+04   0.771E+00   0.102E+00  -0.565E+00   0.420E+01
    94   0.967E+02   0.108E+04   0.770E+00   0.101E+00  -0.343E+00   0.413E+01
    95   0.964E+02   0.109E+04   0.770E+00   0.101E+00  -0.276E+00   0.417E+01
    96   0.961E+02   0.109E+04   0.770E+00   0.999E-01  -0.267E+00   0.403E+01
    97   0.961E+02   0.109E+04   0.770E+00   0.991E-01  -0.350E-01   0.381E+01
    98   0.959E+02   0.110E+04   0.771E+00   0.983E-01  -0.200E+00   0.374E+01
    99   0.955E+02   0.110E+04   0.773E+00   0.974E-01  -0.405E+00   0.354E+01
   100   0.952E+02   0.111E+04   0.775E+00   0.964E-01  -0.299E+00   0.333E+01
   101   0.948E+02   0.111E+04   0.777E+00   0.954E-01  -0.388E+00   0.339E+01
   102   0.945E+02   0.111E+04   0.778E+00   0.945E-01  -0.263E+00   0.306E+01
   103   0.941E+02   0.111E+04   0.780E+00   0.935E-01  -0.439E+00   0.277E+01
   104   0.939E+02   0.112E+04   0.783E+00   0.925E-01  -0.168E+00   0.256E+01
   105   0.938E+02   0.112E+04   0.784E+00   0.915E-01  -0.149E+00   0.204E+01
   106   0.933E+02   0.112E+04   0.787E+00   0.906E-01  -0.451E+00   0.180E+01
   107   0.932E+02   0.112E+04   0.789E+00   0.896E-01  -0.112E+00   0.147E+01
   108   0.933E+02   0.112E+04   0.790E+00   0.887E-01   0.130E+00   0.946E+00
   109   0.934E+02   0.112E+04   0.792E+00   0.878E-01   0.627E-01   0.626E+00
   110   0.935E+02   0.112E+04   0.792E+00   0.870E-01   0.121E+00  -0.113E+00
   111   0.935E+02   0.112E+04   0.793E+00   0.862E-01  -0.241E-01  -0.453E+00
   112   0.935E+02   0.112E+04   0.795E+00   0.854E-01   0.146E-01  -0.731E+00
   113   0.938E+02   0.112E+04   0.797E+00   0.847E-01   0.287E+00  -0.131E+01
   114   0.938E+02   0.112E+04   0.799E+00   0.840E-01   0.254E-01  -0.178E+01
   115   0.941E+02   0.112E+04   0.800E+00   0.834E-01   0.298E+00  -0.213E+01
   116   0.943E+02   0.112E+04   0.802E+00   0.828E-01   0.221E+00  -0.217E+01
   117   0.945E+02   0.111E+04   0.803E+00   0.823E-01   0.192E+00  -0.223E+01
   118   0.948E+02   0.111E+04   0.804E+00   0.819E-01   0.281E+00  -0.235E+01
   119   0.952E+02   0.111E+04   0.806E+00   0.815E-01   0.340E+00  -0.250E+01
   120   0.956E+02   0.111E+04   0.807E+00   0.812E-01   0.477E+00  -0.264E+01
   121   0.958E+02   0.110E+04   0.806E+00   0.810E-01   0.138E+00  -0.280E+01
   122   0.960E+02   0.110E+04   0.806E+00   0.809E-01   0.246E+00  -0.310E+01
   123   0.965E+02   0.110E+04   0.805E+00   0.809E-01   0.451E+00  -0.311E+01
   124   0.969E+02   0.109E+04   0.805E+00   0.810E-01   0.403E+00  -0.294E+01
   125   0.972E+02   0.109E+04   0.805E+00   0.811E-01   0.308E+00  -0.268E+01
   126   0.975E+02   0.109E+04   0.804E+00   0.814E-01   0.357E+00  -0.266E+01
   127   0.980E+02   0.109E+04   0.803E+00   0.818E-01   0.455E+00  -0.253E+01
   128   0.984E+02   0.108E+04   0.802E+00   0.822E-01   0.457E+00  -0.221E+01
   129   0.990E+02   0.108E+04   0.801E+00   0.826E-01   0.594E+00  -0.226E+01
   130   0.996E+02   0.108E+04   0.800E+00   0.831E-01   0.567E+00  -0.215E+01
   131   0.100E+03   0.108E+04   0.798E+00   0.836E-01   0.627E+00  -0.219E+01
   132   0.101E+03   0.107E+04   0.797E+00   0.841E-01   0.435E+00  -0.215E+01
   133   0.101E+03   0.107E+04   0.794E+00   0.846E-01   0.533E+00  -0.211E+01
   134   0.102E+03   0.107E+04   0.793E+00   0.852E-01   0.525E+00  -0.217E+01
   135   0.102E+03   0.107E+04   0.792E+00   0.859E-01   0.624E+00  -0.194E+01
   136   0.103E+03   0.107E+04   0.790E+00   0.866E-01   0.635E+00  -0.151E+01
   137   0.103E+03   0.107E+04   0.788E+00   0.872E-01   0.413E+00  -0.118E+01
   138   0.104E+03   0.106E+04   0.786E+00   0.878E-01   0.560E+00  -0.107E+01
   139   0.104E+03   0.106E+04   0.784E+00   0.884E-01   0.397E+00  -0.966E+00
   140   0.105E+03   0.106E+04   0.782E+00   0.889E-01   0.573E+00  -0.808E+00
   141   0.105E+03   0.106E+04   0.780E+00   0.894E-01   0.448E+00  -0.485E+00
   142   0.106E+03   0.106E+04   0.776E+00   0.900E-01   0.128E+00  -0.406E+00
   143   0.106E+03   0.106E+04   0.774E+00   0.904E-01   0.498E+00  -0.160E+00
   144   0.106E+03   0.106E+04   0.770E+00   0.909E-01   0.334E+00   0.243E+00
   145   0.107E+03   0.106E+04   0.768E+00   0.914E-01   0.413E+00   0.502E+00
   146   0.107E+03   0.106E+04   0.765E+00   0.919E-01   0.161E+00   0.685E+00
   147   0.107E+03   0.106E+04   0.762E+00   0.924E-01   0.220E+00   0.917E+00
   148   0.107E+03   0.107E+04   0.759E+00   0.929E-01   0.942E-01   0.104E+01
   149   0.107E+03   0.107E+04   0.755E+00   0.933E-01   0.847E-01   0.115E+01
   150   0.107E+03   0.107E+04   0.753E+00   0.935E-01  -0.119E+00   0.142E+01
   151   0.107E+03   0.107E+04   0.750E+00   0.938E-01   0.749E-01   0.173E+01
   152   0.107E+03   0.107E+04   0.748E+00   0.940E-01  -0.124E-01   0.190E+01
   153   0.107E+03   0.107E+04   0.745E+00   0.942E-01  -0.416E-01   0.217E+01
   154   0.107E+03   0.108E+04   0.743E+00   0.943E-01  -0.222E-01   0.229E+01
   155   0.107E+03   0.108E+04   0.742E+00   0.944E-01   0.172E+00   0.234E+01
   156   0.108E+03   0.108E+04   0.739E+00   0.945E-01   0.143E+00   0.220E+01
   157   0.107E+03   0.108E+04   0.737E+00   0.944E-01  -0.187E+00   0.222E+01
   158   0.107E+03   0.109E+04   0.735E+00   0.943E-01  -0.148E+00   0.246E+01
   159   0.107E+03   0.109E+04   0.734E+00   0.941E-01  -0.110E+00   0.259E+01
   160   0.107E+03   0.109E+04   0.733E+00   0.939E-01  -0.479E+00   0.245E+01
   161   0.106E+03   0.109E+04   0.732E+00   0.937E-01  -0.131E+00   0.258E+01
   162   0.106E+03   0.110E+04   0.732E+00   0.934E-01  -0.121E+00   0.259E+01
   163   0.106E+03   0.110E+04   0.733E+00   0.930E-01  -0.131E+00   0.269E+01
   164   0.106E+03   0.110E+04   0.732E+00   0.926E-01  -0.394E+00   0.268E+01
   165   0.105E+03   0.110E+04   0.732E+00   0.922E-01  -0.453E+00   0.265E+01
   166   0.105E+03   0.111E+04   0.733E+00   0.917E-01  -0.367E+00   0.258E+01
   167   0.104E+03   0.111E+04   0.733E+00   0.912E-01  -0.485E+00   0.245E+01
   168   0.104E+03   0.111E+04   0.732E+00   0.906E-01  -0.389E+00   0.235E+01
   169   0.104E+03   0.111E+04   0.731E+00   0.901E-01  -0.458E+00   0.236E+01
   170   0.103E+03   0.112E+04   0.732E+00   0.896E-01  -0.246E+00   0.190E+01
   171   0.103E+03   0.112E+04   0.733E+00   0.891E-01  -0.305E+00   0.170E+01
   172   0.103E+03   0.112E+04   0.733E+00   0.885E-01  -0.160E+00   0.154E+01
   173   0.103E+03   0.112E+04   0.736E+00   0.879E-01  -0.238E+00   0.138E+01
   174   0.102E+03   0.112E+04   0.737E+00   0.874E-01  -0.268E+00   0.898E+00
   175   0.102E+03   0.112E+04   0.737E+00   0.868E-01  -0.249E+00   0.644E+00
   176   0.102E+03   0.112E+04   0.738E+00   0.862E-01  -0.182E+00   0.591E+00
   177   0.102E+03   0.112E+04   0.740E+00   0.856E-01  -0.461E-01   0.305E+00
   178   0.102E+03   0.112E+04   0.743E+00   0.851E-01  -0.463E-01  -0.159E+00
   179   0.102E+03   0.112E+04   0.745E+00   0.845E-01   0.994E-01  -0.397E+00
   180   0.102E+03   0.112E+04   0.747E+00   0.840E-01   0.899E-01  -0.821E+00
   181   0.102E+03   0.112E+04   0.749E+00   0.835E-01   0.222E-01  -0.918E+00
   182   0.102E+03   0.112E+04   0.752E+00   0.831E-01  -0.143E+00  -0.956E+00
   183   0.102E+03   0.112E+04   0.753E+00   0.827E-01   0.315E-01  -0.120E+01
   184   0.102E+03   0.112E+04   0.755E+00   0.823E-01   0.129E+00  -0.143E+01
   185   0.102E+03   0.111E+04   0.756E+00   0.820E-01   0.158E+00  -0.162E+01
   186   0.102E+03   0.111E+04   0.757E+00   0.817E-01   0.178E+00  -0.172E+01
   187   0.103E+03   0.111E+04   0.758E+00   0.815E-01   0.218E+00  -0.198E+01
   188   0.103E+03   0.111E+04   0.760E+00   0.814E-01   0.822E-01  -0.207E+01
   189   0.103E+03   0.111E+04   0.761E+00   0.813E-01  -0.731E-01  -0.210E+01
   190   0.103E+03   0.110E+04   0.761E+00   0.812E-01   0.315E+00  -0.225E+01
   191   0.103E+03   0.110E+04   0.761E+00   0.813E-01   0.375E+00  -0.281E+01
   192   0.104E+03   0.110E+04   0.761E+00   0.814E-01   0.123E+00  -0.278E+01
   193   0.104E+03   0.110E+04   0.760E+00   0.815E-01   0.376E+00  -0.284E+01
   194   0.104E+03   0.109E+04   0.760E+00   0.817E-01   0.124E+00  -0.291E+01
   195   0.104E+03   0.109E+04   0.761E+00   0.819E-01   0.348E+00  -0.323E+01
   196   0.105E+03   0.109E+04   0.761E+00   0.821E-01   0.262E+00  -0.277E+01
   197   0.105E+03   0.108E+04   0.760E+00   0.824E-01   0.544E+00  -0.259E+01
   198   0.106E+03   0.108E+04   0.759E+00   0.828E-01   0.342E+00  -0.258E+01
   199   0.106E+03   0.108E+04   0.758E+00   0.831E-01   0.608E-01  -0.249E+01
   200   0.106E+03   0.108E+04   0.757E+00   0.835E-01   0.450E+00  -0.288E+01
   201   0.106E+03   0.107E+04   0.757E+00   0.839E-01   0.412E+00  -0.239E+01
   202   0.107E+03   0.107E+04   0.757E+00   0.844E-01   0.578E+00  -0.237E+01
   203   0.107E+03   0.107E+04   0.755E+00   0.849E-01   0.434E+00  -0.233E+01
   204   0.108E+03   0.107E+04   0.753E+00   0.855E-01   0.464E+00  -0.224E+01
   205   0.108E+03   0.107E+04   0.753E+00   0.860E-01   0.417E+00  -0.211E+01
   206   0.109E+03   0.106E+04   0.751E+00   0.867E-01   0.224E+00  -0.176E+01
   207   0.109E+03   0.106E+04   0.750E+00   0.873E-01   0.506E+00  -0.148E+01
   208   0.109E+03   0.106E+04   0.748E+00   0.880E-01   0.157E+00  -0.705E+00
   209   0.110E+03   0.106E+04   0.747E+00   0.886E-01   0.391E+00  -0.594E+00
   210   0.110E+03   0.106E+04   0.744E+00   0.892E-01   0.217E+00  -0.274E+00
   211   0.110E+03   0.106E+04   0.742E+00   0.898E-01   0.490E+00  -0.190E+00
   212   0.111E+03   0.106E+04   0.741E+00   0.903E-01   0.199E+00  -0.100E+00
   213   0.111E+03   0.106E+04   0.739E+00   0.910E-01   0.831E-01   0.906E-01
   214   0.111E+03   0.106E+04   0.737E+00   0.916E-01   0.210E+00   0.352E+00
   215   0.111E+03   0.106E+04   0.734E+00   0.921E-01   0.162E+00   0.552E+00
   216   0.111E+03   0.106E+04   0.731E+00   0.927E-01   0.279E+00   0.610E+00
   217   0.111E+03   0.106E+04   0.729E+00   0.932E-01   0.362E-01   0.909E+00
   218   0.111E+03   0.106E+04   0.726E+00   0.937E-01  -0.706E-01   0.113E+01
   219   0.111E+03   0.107E+04   0.725E+00   0.941E-01  -0.708E-01   0.129E+01
   220   0.111E+03   0.107E+04   0.722E+00   0.945E-01  -0.158E+00   0.150E+01
   221   0.111E+03   0.107E+04   0.722E+00   0.946E-01   0.356E-01   0.159E+01
   222   0.111E+03   0.107E+04   0.719E+00   0.948E-01   0.648E-01   0.162E+01
   223   0.111E+03   0.107E+04   0.718E+00   0.948E-01  -0.227E+00   0.187E+01
   224   0.111E+03   0.107E+04   0.715E+00   0.949E-01   0.159E-01   0.212E+01
   225   0.111E+03   0.108E+04   0.714E+00   0.949E-01  -0.910E-01   0.216E+01
   226   0.111E+03   0.108E+04   0.714E+00   0.949E-01  -0.232E-01   0.212E+01
   227   0.111E+03   0.108E+04   0.713E+00   0.948E-01  -0.130E+00   0.213E+01
   228   0.111E+03   0.108E+04   0.712E+00   0.947E-01  -0.121E+00   0.217E+01
   229   0.110E+03   0.108E+04   0.710E+00   0.945E-01  -0.442E+00   0.189E+01
   230   0.110E+03   0.109E+04   0.710E+00   0.943E-01  -0.365E+00   0.181E+01
   231   0.109E+03   0.109E+04   0.710E+00   0.940E-01  -0.298E+00   0.177E+01
   232   0.109E+03   0.109E+04   0.711E+00   0.937E-01  -0.250E+00   0.181E+01
   233   0.109E+03   0.109E+04   0.712E+00   0.934E-01  -0.173E+00   0.159E+01
   234   0.109E+03   0.109E+04   0.712E+00   0.930E-01  -0.125E+00   0.166E+01
   235   0.109E+03   0.109E+04   0.711E+00   0.926E-01  -0.667E-01   0.151E+01
   236   0.109E+03   0.110E+04   0.712E+00   0.922E-01  -0.242E+00   0.154E+01
   237   0.108E+03   0.110E+04   0.712E+00   0.917E-01  -0.252E+00   0.149E+01
   238   0.108E+03   0.110E+04   0.713E+00   0.912E-01  -0.175E+00   0.141E+01
   239   0.108E+03   0.110E+04   0.713E+00   0.907E-01  -0.496E+00   0.972E+00
   240   0.108E+03   0.110E+04   0.714E+00   0.902E-01  -0.795E-01   0.835E+00
   241   0.107E+03   0.110E+04   0.714E+00   0.897E-01  -0.206E+00   0.590E+00
   242   0.107E+03   0.110E+04   0.717E+00   0.893E-01  -0.343E+00   0.400E+00
   243   0.107E+03   0.110E+04   0.719E+00   0.889E-01  -0.519E-01   0.110E+00
   244   0.107E+03   0.110E+04   0.720E+00   0.885E-01  -0.198E+00   0.247E+00
   245   0.107E+03   0.110E+04   0.722E+00   0.881E-01  -0.140E+00   0.105E+00
   246   0.107E+03   0.110E+04   0.723E+00   0.877E-01   0.734E-01  -0.644E-01
   247   0.107E+03   0.110E+04   0.723E+00   0.874E-01  -0.160E+00  -0.260E+00
   248   0.106E+03   0.110E+04   0.724E+00   0.870E-01  -0.532E-01  -0.227E+00
   249   0.106E+03   0.110E+04   0.725E+00   0.867E-01  -0.248E+00  -0.603E+00
   250   0.106E+03   0.110E+04   0.727E+00   0.864E-01  -0.122E+00  -0.952E+00
   251   0.106E+03   0.110E+04   0.728E+00   0.861E-01  -0.834E-01  -0.982E+00
   252   0.106E+03   0.110E+04   0.730E+00   0.859E-01  -0.317E+00  -0.120E+01
   253   0.106E+03   0.110E+04   0.731E+00   0.857E-01   0.127E-01  -0.120E+01
   254   0.106E+03   0.110E+04   0.732E+00   0.856E-01  -0.164E-01  -0.120E+01
   255   0.106E+03   0.109E+04   0.734E+00   0.855E-01   0.100E+00  -0.144E+01
   256   0.106E+03   0.109E+04   0.734E+00   0.855E-01  -0.454E-01  -0.151E+01
   257   0.106E+03   0.109E+04   0.735E+00   0.854E-01   0.333E+00  -0.156E+01
   258   0.106E+03   0.109E+04   0.736E+00   0.854E-01   0.720E-01  -0.159E+01
   259   0.106E+03   0.109E+04   0.735E+00   0.854E-01   0.625E-01  -0.170E+01
   260   0.106E+03   0.109E+04   0.736E+00   0.854E-01   0.140E+00  -0.143E+01
   261   0.106E+03   0.108E+04   0.737E+00   0.855E-01   0.338E-01  -0.141E+01
   262   0.107E+03   0.108E+04   0.738E+00   0.856E-01   0.121E+00  -0.144E+01
   263   0.106E+03   0.108E+04   0.739E+00   0.858E-01  -0.241E-01  -0.148E+01
   264   0.107E+03   0.108E+04   0.739E+00   0.860E-01   0.190E+00  -0.174E+01
   265   0.107E+03   0.108E+04   0.741E+00   0.863E-01  -0.819E-01  -0.174E+01
   266   0.107E+03   0.108E+04   0.741E+00   0.866E-01   0.209E+00  -0.174E+01
   267   0.107E+03   0.107E+04   0.741E+00   0.868E-01   0.122E+00  -0.176E+01
   268   0.107E+03   0.107E+04   0.740E+00   0.871E-01   0.307E+00  -0.173E+01
   269   0.107E+03   0.107E+04   0.741E+00   0.875E-01   0.124E+00  -0.155E+01
   270   0.107E+03   0.107E+04   0.739E+00   0.878E-01   0.559E-01  -0.115E+01
   271   0.108E+03   0.107E+04   0.738E+00   0.882E-01   0.124E+00  -0.906E+00
   272   0.108E+03   0.107E+04   0.738E+00   0.885E-01  -0.117E-01  -0.909E+00
   273   0.108E+03   0.107E+04   0.737E+00   0.889E-01   0.328E+00  -0.621E+00
   274   0.108E+03   0.107E+04   0.737E+00   0.892E-01   0.669E-01  -0.504E+00
   275   0.108E+03   0.107E+04   0.736E+00   0.895E-01   0.184E-01  -0.461E+00
   276   0.108E+03   0.107E+04   0.737E+00   0.898E-01   0.155E+00  -0.579E+00
   277   0.108E+03   0.107E+04   0.735E+00   0.902E-01   0.145E+00  -0.265E+00
   278   0.108E+03   0.107E+04   0.736E+00   0.906E-01   0.155E+00  -0.145E+00
   279   0.109E+03   0.107E+04   0.735E+00   0.910E-01   0.321E+00  -0.370E+00
   280   0.109E+03   0.107E+04   0.734E+00   0.914E-01   0.205E+00  -0.372E+00
   281   0.109E+03   0.107E+04   0.732E+00   0.918E-01   0.112E-01  -0.185E+00
   282   0.109E+03   0.107E+04   0.732E+00   0.922E-01   0.695E-01  -0.881E-01
   283   0.109E+03   0.107E+04   0.731E+00   0.925E-01   0.215E+00   0.161E+00
   284   0.109E+03   0.107E+04   0.731E+00   0.927E-01   0.129E+00   0.465E+00
   285   0.110E+03   0.107E+04   0.731E+00   0.929E-01   0.275E+00   0.561E+00
   286   0.110E+03   0.107E+04   0.729E+00   0.930E-01   0.168E+00   0.357E+00
   287   0.110E+03   0.107E+04   0.729E+00   0.932E-01  -0.610E-02   0.389E+00
   288   0.110E+03   0.107E+04   0.729E+00   0.933E-01   0.716E-01   0.399E+00
   289   0.110E+03   0.107E+04   0.728E+00   0.934E-01   0.101E+00   0.379E+00
   290   0.110E+03   0.107E+04   0.727E+00   0.935E-01   0.208E+00   0.476E+00
   291   0.110E+03   0.107E+04   0.726E+00   0.935E-01  -0.246E-01   0.784E+00
   292   0.110E+03   0.107E+04   0.724E+00   0.936E-01  -0.830E-01   0.519E+00
   293   0.110E+03   0.107E+04   0.723E+00   0.937E-01  -0.346E-01   0.527E+00
   294   0.110E+03   0.107E+04   0.723E+00   0.937E-01   0.333E-01   0.469E+00
   295   0.110E+03   0.107E+04   0.723E+00   0.937E-01   0.528E-01   0.579E+00
   296   0.110E+03   0.107E+04   0.722E+00   0.937E-01   0.189E+00   0.754E+00
   297   0.110E+03   0.107E+04   0.721E+00   0.936E-01  -0.340E-01   0.650E+00
   298   0.110E+03   0.107E+04   0.719E+00   0.935E-01   0.242E-01   0.612E+00
   299   0.110E+03   0.107E+04   0.718E+00   0.934E-01  -0.438E-01   0.597E+00
   300   0.110E+03   0.107E+04   0.718E+00   0.933E-01   0.470E-02   0.188E+00
   301   0.110E+03   0.107E+04   0.718E+00   0.932E-01  -0.219E+00   0.317E+00
   302   0.110E+03   0.107E+04   0.717E+00   0.931E-01  -0.210E+00   0.415E+00
   303   0.110E+03   0.108E+04   0.716E+00   0.930E-01  -0.123E+00   0.308E+00
   304   0.109E+03   0.108E+04   0.716E+00   0.928E-01  -0.230E+00   0.377E+00
   305   0.109E+03   0.108E+04   0.717E+00   0.927E-01  -0.279E+00   0.656E+00
   306   0.109E+03   0.108E+04   0.717E+00   0.926E-01  -0.114E+00   0.793E+00
   307   0.109E+03   0.108E+04   0.717E+00   0.924E-01  -0.319E+00   0.790E+00
   308   0.109E+03   0.108E+04   0.717E+00   0.923E-01  -0.184E+00   0.670E+00
   309   0.108E+03   0.108E+04   0.716E+00   0.921E-01  -0.771E-01   0.749E+00
   310   0.109E+03   0.108E+04   0.716E+00   0.920E-01   0.879E-01   0.659E+00
   311   0.108E+03   0.108E+04   0.716E+00   0.918E-01  -0.301E+00   0.330E+00
   312   0.108E+03   0.108E+04   0.716E+00   0.917E-01  -0.876E-01   0.413E+00
   313   0.108E+03   0.108E+04   0.716E+00   0.917E-01  -0.243E+00   0.422E+00
   314   0.108E+03   0.108E+04   0.717E+00   0.916E-01  -0.592E-01   0.176E+00
   315   0.108E+03   0.108E+04   0.718E+00   0.915E-01  -0.147E+00  -0.379E-01
   316   0.108E+03   0.108E+04   0.719E+00   0.914E-01  -0.118E+00   0.269E+00
   317   0.107E+03   0.108E+04   0.720E+00   0.913E-01  -0.157E+00  -0.118E-01
   318   0.107E+03   0.108E+04   0.722E+00   0.912E-01  -0.410E-01  -0.627E-01
   319   0.108E+03   0.108E+04   0.722E+00   0.910E-01   0.755E-01   0.113E+00
   320   0.108E+03   0.108E+04   0.724E+00   0.908E-01   0.271E-01   0.387E-01
   321   0.108E+03   0.108E+04   0.725E+00   0.907E-01  -0.117E-01  -0.108E+00
   322   0.108E+03   0.108E+04   0.725E+00   0.905E-01   0.192E+00  -0.230E+00
   323   0.108E+03   0.108E+04   0.725E+00   0.903E-01   0.203E+00  -0.395E+00
   324   0.108E+03   0.108E+04   0.727E+00   0.903E-01  -0.593E-01  -0.404E+00
   325   0.108E+03   0.108E+04   0.727E+00   0.902E-01   0.669E-01  -0.421E+00
   326   0.108E+03   0.108E+04   0.728E+00   0.901E-01  -0.166E+00  -0.422E+00
   327   0.108E+03   0.108E+04   0.729E+00   0.900E-01   0.105E+00  -0.635E+00
   328   0.108E+03   0.108E+04   0.730E+00   0.900E-01   0.474E-01  -0.736E+00
   329   0.108E+03   0.108E+04   0.730E+00   0.900E-01   0.174E+00  -0.909E+00
   330   0.108E+03   0.108E+04   0.731E+00   0.900E-01   0.155E+00  -0.912E+00
   331   0.108E+03   0.108E+04   0.731E+00   0.900E-01  -0.185E+00  -0.739E+00
   332   0.108E+03   0.107E+04   0.731E+00   0.900E-01   0.155E+00  -0.540E+00
   333   0.108E+03   0.107E+04   0.731E+00   0.900E-01   0.136E+00  -0.686E+00
   334   0.108E+03   0.107E+04   0.731E+00   0.900E-01   0.136E+00  -0.634E+00
   335   0.109E+03   0.107E+04   0.730E+00   0.900E-01   0.263E+00  -0.640E+00
   336   0.109E+03   0.107E+04   0.729E+00   0.901E-01   0.351E+00  -0.653E+00
   337   0.109E+03   0.107E+04   0.729E+00   0.902E-01   0.116E-01  -0.375E+00
   338   0.109E+03   0.107E+04   0.729E+00   0.903E-01  -0.661E-01  -0.582E+00
   339   0.109E+03   0.107E+04   0.730E+00   0.904E-01  -0.662E-01  -0.618E+00
   340   0.109E+03   0.107E+04   0.729E+00   0.906E-01   0.988E-01  -0.501E+00
   341   0.109E+03   0.107E+04   0.729E+00   0.907E-01  -0.467E-01  -0.480E+00
   342   0.109E+03   0.107E+04   0.728E+00   0.909E-01   0.138E+00  -0.692E+00
   343   0.109E+03   0.107E+04   0.727E+00   0.911E-01   0.895E-01  -0.596E+00
   344   0.110E+03   0.107E+04   0.728E+00   0.913E-01   0.352E+00  -0.763E+00
   345   0.110E+03   0.107E+04   0.727E+00   0.914E-01   0.420E-01  -0.805E+00
   346   0.110E+03   0.107E+04   0.726E+00   0.916E-01  -0.645E-02  -0.816E+00
   347   0.110E+03   0.107E+04   0.726E+00   0.917E-01   0.159E+00  -0.850E+00
   348   0.110E+03   0.106E+04   0.724E+00   0.919E-01   0.814E-01  -0.861E+00
   349   0.110E+03   0.106E+04   0.722E+00   0.920E-01   0.383E-02  -0.108E+01
   350   0.110E+03   0.106E+04   0.722E+00   0.921E-01   0.101E+00  -0.103E+01
   351   0.110E+03   0.106E+04   0.722E+00   0.923E-01   0.286E+00  -0.765E+00
   352   0.111E+03   0.106E+04   0.723E+00   0.924E-01   0.238E+00  -0.537E+00
   353   0.111E+03   0.106E+04   0.722E+00   0.925E-01   0.539E-01  -0.611E+00
   354   0.111E+03   0.106E+04   0.723E+00   0.926E-01   0.210E+00  -0.596E+00
   355   0.111E+03   0.106E+04   0.722E+00   0.928E-01   0.161E+00  -0.333E+00
   356   0.111E+03   0.106E+04   0.721E+00   0.929E-01   0.337E+00  -0.176E+00
   357   0.112E+03   0.106E+04   0.719E+00   0.931E-01   0.260E+00  -0.487E+00
   358   0.112E+03   0.106E+04   0.719E+00   0.933E-01   0.466E-01  -0.357E+00
   359   0.112E+03   0.106E+04   0.719E+00   0.935E-01   0.273E-01  -0.120E+00
   360   0.112E+03   0.106E+04   0.718E+00   0.937E-01  -0.504E-01  -0.236E-01
   361   0.112E+03   0.106E+04   0.718E+00   0.939E-01   0.466E-01   0.101E+00
   362   0.112E+03   0.106E+04   0.718E+00   0.942E-01   0.222E+00   0.556E-01
   363   0.112E+03   0.106E+04   0.717E+00   0.944E-01  -0.133E-02   0.281E+00
   364   0.112E+03   0.106E+04   0.716E+00   0.946E-01   0.212E+00   0.183E+00
   365   0.112E+03   0.106E+04   0.714E+00   0.947E-01   0.866E-01   0.151E+00
   366   0.112E+03   0.106E+04   0.714E+00   0.949E-01  -0.166E+00   0.222E+00
   367   0.112E+03   0.106E+04   0.713E+00   0.950E-01   0.962E-01   0.956E-01
   368   0.112E+03   0.106E+04   0.712E+00   0.951E-01  -0.688E-01   0.204E+00
   369   0.112E+03   0.106E+04   0.710E+00   0.952E-01   0.174E+00   0.179E+00
   370   0.112E+03   0.106E+04   0.709E+00   0.953E-01  -0.200E-01   0.141E+00
   371   0.112E+03   0.106E+04   0.708E+00   0.954E-01  -0.612E-03   0.277E+00
   372   0.112E+03   0.106E+04   0.708E+00   0.954E-01  -0.103E-01   0.274E+00
   373   0.112E+03   0.106E+04   0.709E+00   0.954E-01  -0.156E+00   0.139E+00
   374   0.112E+03   0.106E+04   0.708E+00   0.954E-01  -0.127E+00   0.167E+00
   375   0.112E+03   0.106E+04   0.707E+00   0.954E-01   0.251E+00   0.296E+00
   376   0.112E+03   0.106E+04   0.707E+00   0.953E-01   0.223E+00   0.183E+00
   377   0.112E+03   0.106E+04   0.706E+00   0.953E-01  -0.136E+00  -0.380E-01
   378   0.112E+03   0.106E+04   0.705E+00   0.952E-01   0.145E+00   0.281E-01
   379   0.112E+03   0.106E+04   0.706E+00   0.952E-01  -0.391E-01   0.278E-01
   380   0.112E+03   0.106E+04   0.706E+00   0.951E-01  -0.999E-02  -0.301E+00
   381   0.112E+03   0.106E+04   0.706E+00   0.951E-01   0.289E-01  -0.297E+00
   382   0.112E+03   0.106E+04   0.705E+00   0.950E-01   0.484E-01  -0.337E+00
   383   0.112E+03   0.106E+04   0.705E+00   0.950E-01   0.960E-02  -0.282E+00
   384   0.112E+03   0.106E+04   0.705E+00   0.949E-01  -0.214E+00  -0.132E+00
   385   0.112E+03   0.106E+04   0.705E+00   0.949E-01  -0.224E+00   0.660E-01
   386   0.112E+03   0.106E+04   0.706E+00   0.948E-01   0.193E+00  -0.110E+00
   387   0.112E+03   0.106E+04   0.707E+00   0.948E-01  -0.214E+00  -0.247E+00
   388   0.112E+03   0.106E+04   0.706E+00   0.947E-01   0.183E-01  -0.404E+00
   389   0.112E+03   0.106E+04   0.704E+00   0.947E-01  -0.127E+00  -0.472E+00
   390   0.112E+03   0.106E+04   0.705E+00   0.947E-01  -0.791E-01  -0.911E+00
   391   0.112E+03   0.106E+04   0.704E+00   0.947E-01  -0.696E-01  -0.732E+00
   392   0.112E+03   0.106E+04   0.705E+00   0.947E-01   0.857E-01  -0.628E+00
   393   0.112E+03   0.106E+04   0.705E+00   0.948E-01   0.568E-01  -0.591E+00
   394   0.112E+03   0.106E+04   0.704E+00   0.948E-01   0.144E+00  -0.489E+00
   395   0.112E+03   0.105E+04   0.704E+00   0.949E-01   0.572E-01  -0.556E+00
   396   0.112E+03   0.105E+04   0.704E+00   0.950E-01   0.193E+00  -0.491E+00
   397   0.112E+03   0.105E+04   0.705E+00   0.950E-01   0.155E+00  -0.420E+00
   398   0.113E+03   0.105E+04   0.707E+00   0.950E-01   0.214E+00  -0.633E+00
   399   0.112E+03   0.105E+04   0.705E+00   0.950E-01  -0.969E-01  -0.618E+00
   400   0.112E+03   0.105E+04   0.707E+00   0.951E-01  -0.290E-01  -0.479E+00
   401   0.113E+03   0.105E+04   0.707E+00   0.952E-01   0.272E+00  -0.707E+00
   402   0.113E+03   0.105E+04   0.707E+00   0.953E-01   0.881E-01  -0.421E+00
   403   0.113E+03   0.105E+04   0.708E+00   0.955E-01   0.106E-01  -0.249E+00
   404   0.113E+03   0.105E+04   0.708E+00   0.957E-01   0.300E-01  -0.362E+00
   405   0.113E+03   0.105E+04   0.708E+00   0.959E-01   0.204E-01  -0.343E+00
   406   0.113E+03   0.105E+04   0.707E+00   0.960E-01   0.204E-01  -0.580E+00
   407   0.113E+03   0.105E+04   0.706E+00   0.961E-01  -0.184E-01  -0.434E+00
   408   0.113E+03   0.105E+04   0.706E+00   0.963E-01  -0.164E+00  -0.400E+00
   409   0.113E+03   0.105E+04   0.705E+00   0.964E-01  -0.382E-01  -0.125E+00
   410   0.113E+03   0.105E+04   0.704E+00   0.965E-01   0.146E+00  -0.277E+00
   411   0.113E+03   0.105E+04   0.703E+00   0.966E-01   0.203E-01  -0.201E+00
   412   0.113E+03   0.105E+04   0.704E+00   0.968E-01  -0.574E-01  -0.403E+00
   413   0.113E+03   0.105E+04   0.704E+00   0.969E-01   0.299E-01  -0.463E+00
   414   0.113E+03   0.105E+04   0.702E+00   0.971E-01   0.106E-01  -0.108E+00
   415   0.113E+03   0.105E+04   0.702E+00   0.972E-01  -0.671E-01  -0.848E-01
   416   0.113E+03   0.105E+04   0.702E+00   0.973E-01   0.493E-01   0.113E+00
   417   0.113E+03   0.105E+04   0.701E+00   0.973E-01   0.147E+00   0.387E-01
   418   0.113E+03   0.105E+04   0.701E+00   0.974E-01   0.186E+00   0.966E-01
   419   0.113E+03   0.105E+04   0.701E+00   0.976E-01   0.108E+00   0.336E+00
   420   0.113E+03   0.105E+04   0.701E+00   0.977E-01   0.990E-01   0.259E+00
   421   0.113E+03   0.105E+04   0.702E+00   0.978E-01  -0.368E-01   0.169E+00
   422   0.113E+03   0.105E+04   0.703E+00   0.978E-01  -0.777E-02   0.353E-01
   423   0.114E+03   0.105E+04   0.702E+00   0.979E-01   0.264E+00   0.203E+00
   424   0.114E+03   0.105E+04   0.702E+00   0.979E-01   0.511E-01  -0.841E-01
   425   0.114E+03   0.105E+04   0.702E+00   0.980E-01   0.901E-01   0.434E-02
   426   0.113E+03   0.105E+04   0.702E+00   0.982E-01  -0.182E+00  -0.467E-01
   427   0.113E+03   0.105E+04   0.702E+00   0.982E-01  -0.221E+00   0.996E-01
   428   0.113E+03   0.105E+04   0.702E+00   0.982E-01  -0.212E+00   0.295E+00
   429   0.113E+03   0.105E+04   0.702E+00   0.982E-01  -0.154E+00   0.459E+00
   430   0.113E+03   0.105E+04   0.701E+00   0.982E-01  -0.203E+00   0.498E+00
   431   0.113E+03   0.105E+04   0.700E+00   0.981E-01  -0.126E+00   0.346E+00
   432   0.113E+03   0.105E+04   0.699E+00   0.981E-01   0.684E-01   0.473E+00
   433   0.113E+03   0.105E+04   0.699E+00   0.980E-01   0.166E+00   0.190E+00
   434   0.113E+03   0.105E+04   0.699E+00   0.980E-01  -0.164E+00  -0.744E-01
   435   0.113E+03   0.105E+04   0.699E+00   0.979E-01  -0.480E-01  -0.197E+00
   436   0.113E+03   0.105E+04   0.698E+00   0.979E-01  -0.773E-01  -0.253E+00
   437   0.113E+03   0.105E+04   0.697E+00   0.979E-01   0.107E+00   0.776E-01
   438   0.112E+03   0.105E+04   0.697E+00   0.979E-01  -0.301E+00   0.113E+00
   439   0.112E+03   0.105E+04   0.698E+00   0.979E-01  -0.166E-03  -0.486E-01
   440   0.112E+03   0.105E+04   0.699E+00   0.979E-01   0.387E-01   0.149E+00
   441   0.112E+03   0.105E+04   0.700E+00   0.978E-01  -0.117E+00   0.125E+00
   442   0.112E+03   0.105E+04   0.701E+00   0.977E-01   0.136E+00   0.175E+00
   443   0.112E+03   0.105E+04   0.702E+00   0.976E-01  -0.583E-01  -0.388E-01
   444   0.112E+03   0.105E+04   0.703E+00   0.975E-01   0.581E-01  -0.454E+00
   445   0.112E+03   0.105E+04   0.702E+00   0.974E-01  -0.185E+00  -0.208E+00
   446   0.112E+03   0.105E+04   0.702E+00   0.973E-01   0.773E-01   0.790E-01
   447   0.112E+03   0.105E+04   0.702E+00   0.973E-01  -0.117E+00   0.340E+00
   448   0.112E+03   0.105E+04   0.703E+00   0.974E-01   0.213E+00   0.344E+00
   449   0.112E+03   0.105E+04   0.703E+00   0.975E-01   0.107E+00   0.478E+00
   450   0.113E+03   0.105E+04   0.703E+00   0.974E-01   0.293E-01   0.283E+00
   451   0.112E+03   0.105E+04   0.704E+00   0.974E-01  -0.483E-01   0.148E+00
   452   0.113E+03   0.105E+04   0.704E+00   0.974E-01   0.136E+00  -0.167E+00
   453   0.113E+03   0.105E+04   0.704E+00   0.974E-01   0.976E-01  -0.253E+00
   454   0.113E+03   0.105E+04   0.705E+00   0.974E-01   0.881E-01  -0.308E-01
   455   0.113E+03   0.105E+04   0.704E+00   0.973E-01   0.185E+00  -0.184E+00
   456   0.113E+03   0.105E+04   0.704E+00   0.973E-01   0.207E-01  -0.364E+00
   457   0.113E+03   0.105E+04   0.704E+00   0.974E-01   0.499E-01  -0.600E+00
   458   0.113E+03   0.105E+04   0.705E+00   0.975E-01   0.597E-01  -0.549E+00
   459   0.113E+03   0.105E+04   0.705E+00   0.975E-01   0.210E-01  -0.360E+00
   460   0.113E+03   0.105E+04   0.705E+00   0.974E-01  -0.445E+00  -0.152E+00
   461   0.113E+03   0.105E+04   0.704E+00   0.973E-01  -0.480E-01  -0.215E+00
   462   0.113E+03   0.105E+04   0.703E+00   0.972E-01   0.107E+00  -0.125E+00
   463   0.113E+03   0.105E+04   0.703E+00   0.971E-01  -0.155E+00  -0.284E+00
   464   0.113E+03   0.105E+04   0.704E+00   0.971E-01   0.490E-01  -0.244E+00
   465   0.113E+03   0.105E+04   0.703E+00   0.971E-01   0.166E+00  -0.110E+00
   466   0.113E+03   0.105E+04   0.702E+00   0.972E-01   0.592E-01   0.150E-01
   467   0.113E+03   0.105E+04   0.702E+00   0.972E-01  -0.767E-01   0.440E-01
   468   0.113E+03   0.105E+04   0.701E+00   0.972E-01   0.224E+00  -0.161E+00
   469   0.113E+03   0.105E+04   0.701E+00   0.973E-01  -0.837E-02  -0.786E-01
   470   0.113E+03   0.105E+04   0.700E+00   0.975E-01  -0.278E-01  -0.150E+00
   471   0.113E+03   0.105E+04   0.700E+00   0.976E-01  -0.106E+00   0.699E-01
   472   0.113E+03   0.105E+04   0.700E+00   0.977E-01  -0.154E+00   0.764E-01
   473   0.113E+03   0.105E+04   0.702E+00   0.977E-01   0.214E+00   0.199E+00
   474   0.113E+03   0.105E+04   0.703E+00   0.978E-01   0.400E-01   0.416E+00
   475   0.113E+03   0.105E+04   0.702E+00   0.978E-01  -0.125E+00   0.192E+00
   476   0.113E+03   0.105E+04   0.703E+00   0.979E-01  -0.106E+00   0.212E+00
   477   0.113E+03   0.105E+04   0.703E+00   0.980E-01   0.396E-01   0.464E+00
   478   0.113E+03   0.105E+04   0.702E+00   0.980E-01   0.688E-01   0.225E+00
   479   0.113E+03   0.105E+04   0.701E+00   0.980E-01   0.787E-01  -0.105E-01
   480   0.113E+03   0.105E+04   0.702E+00   0.980E-01   0.157E+00  -0.200E+00
   481   0.113E+03   0.105E+04   0.700E+00   0.980E-01   0.322E+00  -0.562E+00
   482   0.114E+03   0.105E+04   0.701E+00   0.980E-01   0.187E+00  -0.388E+00
   483   0.114E+03   0.105E+04   0.701E+00   0.981E-01   0.123E-01  -0.762E+00
   484   0.114E+03   0.105E+04   0.701E+00   0.981E-01   0.610E-01  -0.702E+00
   485   0.114E+03   0.105E+04   0.702E+00   0.980E-01  -0.167E-01  -0.562E+00
   486   0.114E+03   0.105E+04   0.701E+00   0.980E-01   0.319E-01  -0.388E+00
   487   0.114E+03   0.105E+04   0.701E+00   0.979E-01   0.281E-02  -0.340E+00
   488   0.113E+03   0.105E+04   0.701E+00   0.978E-01  -0.182E+00  -0.511E+00
   489   0.113E+03   0.104E+04   0.702E+00   0.978E-01  -0.143E+00  -0.628E+00
   490   0.113E+03   0.104E+04   0.702E+00   0.977E-01   0.215E-01  -0.679E+00
   491   0.113E+03   0.104E+04   0.701E+00   0.976E-01  -0.173E-01  -0.555E+00
   492   0.113E+03   0.104E+04   0.701E+00   0.976E-01   0.128E+00  -0.242E+00
   493   0.114E+03   0.104E+04   0.700E+00   0.977E-01   0.226E+00  -0.188E+00
   494   0.114E+03   0.104E+04   0.698E+00   0.978E-01   0.709E-01  -0.295E+00
   495   0.114E+03   0.104E+04   0.697E+00   0.979E-01   0.711E-01  -0.409E+00
   496   0.114E+03   0.104E+04   0.697E+00   0.981E-01   0.324E-01  -0.353E+00
   497   0.114E+03   0.104E+04   0.697E+00   0.983E-01   0.334E+00  -0.385E+00
   498   0.114E+03   0.104E+04   0.697E+00   0.984E-01   0.331E-01  -0.519E+00
   499   0.114E+03   0.104E+04   0.697E+00   0.985E-01  -0.834E-01  -0.243E+00
   500   0.114E+03   0.104E+04   0.697E+00   0.986E-01   0.198E+00   0.102E+00
   501   0.114E+03   0.104E+04   0.698E+00   0.987E-01  -0.229E+00   0.414E+00
   502   0.114E+03   0.104E+04   0.699E+00   0.989E-01  -0.171E+00   0.628E+00
   503   0.114E+03   0.104E+04   0.698E+00   0.991E-01   0.101E+00   0.847E+00
   504   0.114E+03   0.104E+04   0.699E+00   0.992E-01  -0.255E-01   0.924E+00
   505   0.114E+03   0.104E+04   0.698E+00   0.993E-01  -0.142E+00   0.100E+01
   506   0.114E+03   0.105E+04   0.697E+00   0.993E-01  -0.842E-01   0.101E+01
   507   0.114E+03   0.105E+04   0.696E+00   0.994E-01  -0.201E+00   0.109E+01
   508   0.114E+03   0.105E+04   0.696E+00   0.995E-01   0.268E-02   0.112E+01
   509   0.114E+03   0.105E+04   0.696E+00   0.996E-01  -0.104E+00   0.110E+01
   510   0.114E+03   0.105E+04   0.694E+00   0.997E-01   0.413E-01   0.858E+00
   511   0.113E+03   0.105E+04   0.694E+00   0.998E-01  -0.163E+00   0.578E+00
   512   0.113E+03   0.105E+04   0.694E+00   0.999E-01  -0.377E+00   0.432E+00
   513   0.113E+03   0.105E+04   0.693E+00   0.999E-01  -0.203E+00   0.296E+00
   514   0.113E+03   0.105E+04   0.694E+00   0.997E-01   0.913E-03   0.263E+00
   515   0.113E+03   0.105E+04   0.695E+00   0.996E-01   0.204E-01   0.632E-01
   516   0.113E+03   0.105E+04   0.695E+00   0.994E-01  -0.865E-01  -0.120E+00
   517   0.113E+03   0.105E+04   0.695E+00   0.991E-01   0.688E-01  -0.964E-01
   518   0.113E+03   0.105E+04   0.696E+00   0.989E-01   0.301E-01  -0.161E+00
   519   0.113E+03   0.105E+04   0.696E+00   0.986E-01  -0.193E+00  -0.203E+00
   520   0.113E+03   0.105E+04   0.697E+00   0.983E-01   0.146E+00  -0.107E-01
   521   0.113E+03   0.105E+04   0.697E+00   0.980E-01  -0.186E-01  -0.193E+00
   522   0.113E+03   0.105E+04   0.698E+00   0.978E-01   0.137E+00  -0.314E+00
   523   0.113E+03   0.105E+04   0.697E+00   0.976E-01  -0.857E-02  -0.260E+00
   524   0.113E+03   0.105E+04   0.698E+00   0.974E-01   0.113E-02  -0.410E+00
   525   0.113E+03   0.105E+04   0.700E+00   0.973E-01  -0.125E+00  -0.754E+00
   526   0.113E+03   0.105E+04   0.702E+00   0.972E-01   0.494E-01  -0.986E+00
   527   0.113E+03   0.105E+04   0.702E+00   0.972E-01  -0.865E-01  -0.960E+00
   528   0.113E+03   0.105E+04   0.701E+00   0.971E-01  -0.478E-01  -0.970E+00
   529   0.113E+03   0.104E+04   0.702E+00   0.972E-01   0.244E+00  -0.893E+00
   530   0.113E+03   0.104E+04   0.702E+00   0.972E-01   0.234E+00  -0.117E+01
   531   0.113E+03   0.104E+04   0.701E+00   0.972E-01   0.206E+00  -0.131E+01
   532   0.114E+03   0.104E+04   0.702E+00   0.973E-01   0.303E+00  -0.145E+01
   533   0.114E+03   0.104E+04   0.702E+00   0.973E-01   0.460E+00  -0.138E+01
   534   0.114E+03   0.104E+04   0.702E+00   0.973E-01   0.266E+00  -0.131E+01
   535   0.115E+03   0.104E+04   0.701E+00   0.974E-01   0.345E+00  -0.141E+01
   536   0.115E+03   0.104E+04   0.701E+00   0.975E-01   0.229E+00  -0.147E+01
   537   0.115E+03   0.103E+04   0.701E+00   0.976E-01   0.122E+00  -0.146E+01
   538   0.115E+03   0.103E+04   0.702E+00   0.978E-01   0.220E+00  -0.164E+01
   539   0.115E+03   0.103E+04   0.701E+00   0.980E-01   0.113E+00  -0.158E+01
   540   0.116E+03   0.103E+04   0.702E+00   0.983E-01   0.356E+00  -0.142E+01
   541   0.116E+03   0.103E+04   0.702E+00   0.985E-01   0.241E+00  -0.124E+01
   542   0.116E+03   0.103E+04   0.701E+00   0.987E-01   0.175E-01  -0.901E+00
   543   0.116E+03   0.103E+04   0.700E+00   0.990E-01   0.299E+00  -0.818E+00
   544   0.117E+03   0.103E+04   0.698E+00   0.994E-01   0.251E+00  -0.721E+00
   545   0.117E+03   0.103E+04   0.697E+00   0.998E-01   0.300E+00  -0.436E+00
   546   0.117E+03   0.102E+04   0.694E+00   0.100E+00   0.291E+00  -0.257E+00
   547   0.117E+03   0.102E+04   0.693E+00   0.100E+00   0.166E+00   0.522E-01
   548   0.117E+03   0.103E+04   0.691E+00   0.101E+00   0.137E+00   0.589E-01
   549   0.118E+03   0.103E+04   0.689E+00   0.101E+00   0.787E-01   0.160E+00
   550   0.118E+03   0.103E+04   0.689E+00   0.102E+00   0.283E+00   0.297E+00
   551   0.118E+03   0.103E+04   0.688E+00   0.102E+00   0.118E+00   0.374E+00
   552   0.118E+03   0.103E+04   0.687E+00   0.102E+00   0.991E-01   0.486E+00
   553   0.118E+03   0.103E+04   0.685E+00   0.103E+00   0.118E-01   0.321E+00
   554   0.118E+03   0.103E+04   0.684E+00   0.103E+00   0.109E+00   0.609E+00
   555   0.118E+03   0.103E+04   0.683E+00   0.103E+00   0.898E-01   0.595E+00
   556   0.118E+03   0.103E+04   0.682E+00   0.104E+00  -0.114E+00   0.581E+00
   557   0.118E+03   0.103E+04   0.680E+00   0.104E+00   0.138E+00   0.516E+00
   558   0.118E+03   0.103E+04   0.679E+00   0.104E+00  -0.124E+00   0.576E+00
   559   0.118E+03   0.103E+04   0.677E+00   0.104E+00   0.704E-01   0.504E+00
   560   0.118E+03   0.103E+04   0.676E+00   0.104E+00  -0.364E-01   0.622E+00
   561   0.118E+03   0.103E+04   0.675E+00   0.104E+00   0.996E-01   0.630E+00
   562   0.118E+03   0.103E+04   0.675E+00   0.104E+00  -0.318E+00   0.921E+00
   563   0.118E+03   0.103E+04   0.673E+00   0.104E+00  -0.115E+00   0.114E+01
   564   0.117E+03   0.103E+04   0.673E+00   0.104E+00  -0.455E+00   0.129E+01
   565   0.117E+03   0.104E+04   0.672E+00   0.104E+00  -0.135E+00   0.153E+01
   566   0.117E+03   0.104E+04   0.672E+00   0.104E+00   0.137E+00   0.137E+01
   567   0.117E+03   0.104E+04   0.671E+00   0.103E+00  -0.155E+00   0.150E+01
   568   0.117E+03   0.104E+04   0.671E+00   0.103E+00  -0.466E+00   0.155E+01
   569   0.117E+03   0.104E+04   0.672E+00   0.103E+00  -0.272E+00   0.133E+01
   570   0.116E+03   0.104E+04   0.671E+00   0.103E+00  -0.186E+00   0.121E+01
   571   0.116E+03   0.104E+04   0.672E+00   0.103E+00  -0.108E+00   0.119E+01
   572   0.116E+03   0.105E+04   0.671E+00   0.103E+00  -0.206E+00   0.138E+01
   573   0.116E+03   0.105E+04   0.671E+00   0.102E+00  -0.284E+00   0.108E+01
   574   0.115E+03   0.105E+04   0.671E+00   0.102E+00  -0.391E+00   0.111E+01
   575   0.115E+03   0.105E+04   0.673E+00   0.102E+00  -0.159E+00   0.118E+01
   576   0.115E+03   0.105E+04   0.673E+00   0.102E+00   0.113E+00   0.999E+00
   577   0.115E+03   0.105E+04   0.676E+00   0.101E+00   0.113E+00   0.834E+00
   578   0.116E+03   0.105E+04   0.677E+00   0.101E+00   0.133E+00   0.540E+00
   579   0.115E+03   0.105E+04   0.676E+00   0.101E+00  -0.139E+00   0.402E+00
   580   0.115E+03   0.105E+04   0.677E+00   0.100E+00  -0.226E-01   0.149E+00
   581   0.115E+03   0.105E+04   0.679E+00   0.999E-01  -0.615E-01   0.529E-01
   582   0.115E+03   0.105E+04   0.681E+00   0.995E-01  -0.207E+00  -0.196E+00
   583   0.115E+03   0.105E+04   0.682E+00   0.992E-01   0.254E-01  -0.383E+00
   584   0.115E+03   0.105E+04   0.682E+00   0.989E-01   0.103E+00  -0.648E+00
   585   0.115E+03   0.105E+04   0.684E+00   0.985E-01  -0.618E-01  -0.633E+00
   586   0.115E+03   0.105E+04   0.685E+00   0.983E-01   0.103E+00  -0.866E+00
   587   0.115E+03   0.105E+04   0.687E+00   0.980E-01   0.142E+00  -0.965E+00
   588   0.116E+03   0.105E+04   0.688E+00   0.977E-01   0.337E+00  -0.968E+00
   589   0.116E+03   0.105E+04   0.688E+00   0.974E-01  -0.219E-01  -0.912E+00
   590   0.116E+03   0.105E+04   0.687E+00   0.972E-01   0.163E+00  -0.880E+00
   591   0.116E+03   0.104E+04   0.686E+00   0.971E-01  -0.216E-01  -0.774E+00
   592   0.116E+03   0.104E+04   0.687E+00   0.970E-01   0.144E+00  -0.700E+00
   593   0.116E+03   0.104E+04   0.687E+00   0.969E-01   0.144E+00  -0.801E+00
   594   0.116E+03   0.104E+04   0.687E+00   0.969E-01  -0.113E-01  -0.616E+00
   595   0.117E+03   0.104E+04   0.689E+00   0.970E-01   0.358E+00  -0.631E+00
   596   0.117E+03   0.104E+04   0.688E+00   0.971E-01   0.116E+00  -0.799E+00
   597   0.117E+03   0.104E+04   0.688E+00   0.972E-01   0.155E+00  -0.746E+00
   598   0.117E+03   0.104E+04   0.688E+00   0.974E-01   0.126E+00  -0.744E+00
   599   0.117E+03   0.104E+04   0.688E+00   0.976E-01   0.262E+00  -0.845E+00
   600   0.117E+03   0.104E+04   0.687E+00   0.979E-01   0.214E+00  -0.813E+00
   601   0.118E+03   0.104E+04   0.685E+00   0.981E-01   0.224E+00  -0.848E+00
   602   0.118E+03   0.104E+04   0.685E+00   0.983E-01   0.157E+00  -0.801E+00
   603   0.118E+03   0.104E+04   0.684E+00   0.986E-01   0.254E+00  -0.770E+00
   604   0.118E+03   0.104E+04   0.684E+00   0.988E-01   0.332E+00  -0.477E+00
   605   0.118E+03   0.103E+04   0.683E+00   0.989E-01  -0.265E-01  -0.443E+00
   606   0.118E+03   0.103E+04   0.683E+00   0.991E-01   0.512E-01  -0.700E+00
   607   0.119E+03   0.103E+04   0.683E+00   0.993E-01   0.149E+00  -0.590E+00
   608   0.119E+03   0.103E+04   0.681E+00   0.995E-01   0.275E+00  -0.700E+00
   609   0.119E+03   0.103E+04   0.680E+00   0.997E-01   0.295E+00  -0.874E+00
   610   0.119E+03   0.103E+04   0.679E+00   0.999E-01   0.138E-01  -0.420E+00
   611   0.119E+03   0.103E+04   0.679E+00   0.100E+00   0.624E-01  -0.590E+00
   612   0.119E+03   0.103E+04   0.677E+00   0.100E+00  -0.929E-01  -0.394E+00
   613   0.119E+03   0.103E+04   0.676E+00   0.100E+00  -0.737E-01  -0.316E+00
   614   0.119E+03   0.103E+04   0.675E+00   0.101E+00  -0.252E-01  -0.269E+00
   615   0.119E+03   0.103E+04   0.674E+00   0.101E+00   0.136E-01   0.108E-01
   616   0.119E+03   0.103E+04   0.672E+00   0.101E+00   0.101E+00  -0.914E-01
   617   0.119E+03   0.103E+04   0.670E+00   0.101E+00   0.218E+00  -0.175E-01
   618   0.119E+03   0.103E+04   0.671E+00   0.101E+00   0.102E+00  -0.902E-01
   619   0.120E+03   0.103E+04   0.670E+00   0.102E+00   0.316E+00  -0.819E-01
   620   0.120E+03   0.103E+04   0.669E+00   0.102E+00   0.248E+00   0.116E+00
   621   0.120E+03   0.103E+04   0.668E+00   0.102E+00  -0.121E+00  -0.239E-01
   622   0.120E+03   0.103E+04   0.666E+00   0.102E+00  -0.131E+00   0.929E-01
   623   0.120E+03   0.103E+04   0.666E+00   0.102E+00   0.190E+00   0.238E+00
   624   0.120E+03   0.103E+04   0.666E+00   0.102E+00   0.171E+00  -0.857E-01
   625   0.120E+03   0.103E+04   0.666E+00   0.102E+00   0.448E-01  -0.118E-01
   626   0.120E+03   0.103E+04   0.667E+00   0.103E+00   0.837E-01   0.294E+00
   627   0.120E+03   0.103E+04   0.667E+00   0.103E+00  -0.133E-01   0.255E+00
   628   0.120E+03   0.103E+04   0.667E+00   0.103E+00  -0.169E+00   0.361E+00
   629   0.120E+03   0.103E+04   0.666E+00   0.103E+00  -0.130E+00   0.532E+00
   630   0.120E+03   0.103E+04   0.665E+00   0.103E+00  -0.625E-01   0.599E+00
   631   0.120E+03   0.103E+04   0.664E+00   0.103E+00  -0.140E-01   0.723E+00
   632   0.120E+03   0.103E+04   0.663E+00   0.103E+00   0.249E-01   0.701E+00
   633   0.120E+03   0.103E+04   0.661E+00   0.103E+00   0.929E-01   0.751E+00
   634   0.120E+03   0.104E+04   0.662E+00   0.103E+00   0.181E+00   0.815E+00
   635   0.120E+03   0.104E+04   0.663E+00   0.103E+00  -0.426E-01   0.682E+00
   636   0.120E+03   0.104E+04   0.662E+00   0.103E+00  -0.130E+00   0.609E+00
   637   0.120E+03   0.104E+04   0.661E+00   0.103E+00   0.251E-01   0.915E+00
   638   0.120E+03   0.104E+04   0.660E+00   0.103E+00  -0.235E-01   0.795E+00
   639   0.120E+03   0.104E+04   0.660E+00   0.103E+00  -0.150E+00   0.881E+00
   640   0.120E+03   0.104E+04   0.660E+00   0.102E+00  -0.140E+00   0.110E+01
   641   0.120E+03   0.104E+04   0.661E+00   0.102E+00  -0.337E-01   0.103E+01
   642   0.119E+03   0.104E+04   0.662E+00   0.102E+00  -0.238E+00   0.824E+00
   643   0.119E+03   0.104E+04   0.662E+00   0.102E+00  -0.141E+00   0.104E+01
   644   0.119E+03   0.104E+04   0.662E+00   0.102E+00   0.724E-01   0.112E+01
   645   0.119E+03   0.105E+04   0.662E+00   0.102E+00  -0.132E+00   0.128E+01
   646   0.119E+03   0.105E+04   0.662E+00   0.102E+00   0.820E-01   0.115E+01
   647   0.120E+03   0.105E+04   0.661E+00   0.101E+00   0.199E+00   0.107E+01
   648   0.119E+03   0.105E+04   0.661E+00   0.101E+00  -0.730E-01   0.835E+00
   649   0.119E+03   0.105E+04   0.661E+00   0.101E+00  -0.190E+00   0.855E+00
   650   0.119E+03   0.105E+04   0.661E+00   0.101E+00  -0.287E+00   0.815E+00
   651   0.119E+03   0.105E+04   0.661E+00   0.101E+00  -0.161E+00   0.638E+00
   652   0.119E+03   0.105E+04   0.662E+00   0.100E+00  -0.451E-01   0.572E+00
   653   0.119E+03   0.105E+04   0.663E+00   0.100E+00  -0.162E+00   0.594E+00
   654   0.118E+03   0.105E+04   0.663E+00   0.997E-01  -0.143E+00   0.478E+00
   655   0.118E+03   0.105E+04   0.665E+00   0.995E-01   0.281E-02   0.559E+00
   656   0.118E+03   0.105E+04   0.665E+00   0.992E-01  -0.143E+00   0.451E+00
   657   0.118E+03   0.105E+04   0.665E+00   0.990E-01  -0.231E+00   0.569E+00
   658   0.118E+03   0.105E+04   0.666E+00   0.986E-01  -0.465E-01   0.416E+00
   659   0.118E+03   0.105E+04   0.665E+00   0.983E-01   0.109E+00   0.426E+00
   660   0.118E+03   0.106E+04   0.664E+00   0.981E-01   0.411E-01   0.596E+00
   661   0.118E+03   0.106E+04   0.665E+00   0.979E-01   0.304E+00   0.362E+00
   662   0.118E+03   0.106E+04   0.666E+00   0.976E-01  -0.166E-01   0.372E+00
   663   0.118E+03   0.106E+04   0.667E+00   0.974E-01  -0.269E+00   0.545E-01
   664   0.118E+03   0.106E+04   0.668E+00   0.973E-01  -0.851E-01   0.976E-01
   665   0.118E+03   0.106E+04   0.668E+00   0.971E-01  -0.464E-01   0.672E-01
   666   0.118E+03   0.106E+04   0.669E+00   0.970E-01  -0.163E+00  -0.502E-01
   667   0.118E+03   0.106E+04   0.670E+00   0.969E-01  -0.163E+00  -0.496E-01
   668   0.117E+03   0.106E+04   0.670E+00   0.967E-01  -0.290E+00  -0.524E-02
   669   0.117E+03   0.106E+04   0.671E+00   0.966E-01  -0.671E-01  -0.854E-01
   670   0.117E+03   0.106E+04   0.672E+00   0.965E-01   0.493E-01  -0.157E+00
   671   0.117E+03   0.106E+04   0.672E+00   0.964E-01  -0.252E+00  -0.751E-01
   672   0.117E+03   0.106E+04   0.672E+00   0.963E-01   0.295E-01  -0.377E-01
   673   0.117E+03   0.106E+04   0.672E+00   0.961E-01  -0.676E-01   0.116E+00
   674   0.117E+03   0.106E+04   0.670E+00   0.960E-01   0.392E-01  -0.112E+00
   675   0.117E+03   0.106E+04   0.670E+00   0.959E-01   0.195E+00  -0.592E-01
   676   0.118E+03   0.106E+04   0.671E+00   0.959E-01   0.166E+00  -0.949E-01
   677   0.118E+03   0.106E+04   0.672E+00   0.959E-01   0.254E+00  -0.320E+00
   678   0.118E+03   0.105E+04   0.672E+00   0.959E-01  -0.373E-01  -0.462E+00
   679   0.118E+03   0.105E+04   0.673E+00   0.959E-01   0.380E+00  -0.696E+00
   680   0.118E+03   0.105E+04   0.674E+00   0.959E-01   0.314E-01  -0.557E+00
   681   0.118E+03   0.105E+04   0.676E+00   0.959E-01   0.167E+00  -0.594E+00
   682   0.118E+03   0.105E+04   0.676E+00   0.959E-01   0.706E-01  -0.725E+00
   683   0.118E+03   0.105E+04   0.676E+00   0.960E-01  -0.167E-01  -0.694E+00
   684   0.119E+03   0.105E+04   0.677E+00   0.960E-01   0.197E+00  -0.679E+00
   685   0.119E+03   0.105E+04   0.677E+00   0.960E-01   0.139E+00  -0.765E+00
   686   0.119E+03   0.105E+04   0.677E+00   0.960E-01   0.325E-01  -0.465E+00
   687   0.119E+03   0.105E+04   0.677E+00   0.960E-01   0.714E-01  -0.350E+00
   688   0.119E+03   0.105E+04   0.676E+00   0.960E-01  -0.936E-01  -0.286E-02
   689   0.119E+03   0.105E+04   0.675E+00   0.960E-01   0.266E+00  -0.119E+00
   690   0.119E+03   0.105E+04   0.674E+00   0.961E-01   0.622E-01  -0.305E-01
   691   0.119E+03   0.105E+04   0.674E+00   0.962E-01   0.130E+00  -0.812E-01
   692   0.119E+03   0.105E+04   0.672E+00   0.964E-01   0.286E+00  -0.735E-02
   693   0.120E+03   0.105E+04   0.672E+00   0.965E-01   0.180E+00  -0.233E+00
   694   0.120E+03   0.105E+04   0.671E+00   0.967E-01   0.248E+00   0.976E-01
   695   0.120E+03   0.105E+04   0.670E+00   0.969E-01   0.552E-02   0.519E+00
   696   0.120E+03   0.105E+04   0.670E+00   0.970E-01   0.833E-01   0.506E+00
   697   0.120E+03   0.105E+04   0.669E+00   0.972E-01  -0.404E-02   0.390E+00
   698   0.120E+03   0.105E+04   0.669E+00   0.974E-01   0.122E+00   0.400E+00
   699   0.120E+03   0.105E+04   0.668E+00   0.975E-01   0.327E+00   0.672E+00
   700   0.121E+03   0.105E+04   0.668E+00   0.976E-01   0.123E+00   0.657E+00
   701   0.121E+03   0.105E+04   0.668E+00   0.976E-01   0.844E-01   0.445E+00
   702   0.121E+03   0.105E+04   0.667E+00   0.976E-01   0.749E-01   0.578E+00
   703   0.121E+03   0.105E+04   0.667E+00   0.976E-01  -0.129E+00   0.753E+00
   704   0.121E+03   0.105E+04   0.666E+00   0.977E-01   0.104E+00   0.649E+00
   705   0.121E+03   0.105E+04   0.664E+00   0.977E-01  -0.119E+00   0.386E+00
   706   0.121E+03   0.106E+04   0.663E+00   0.977E-01   0.191E+00   0.476E+00
   707   0.121E+03   0.106E+04   0.662E+00   0.977E-01   0.240E+00   0.638E+00
   708   0.121E+03   0.106E+04   0.662E+00   0.976E-01  -0.167E+00   0.638E+00
   709   0.121E+03   0.106E+04   0.661E+00   0.974E-01   0.163E+00   0.513E+00
   710   0.121E+03   0.106E+04   0.661E+00   0.973E-01   0.561E-01   0.434E+00
   711   0.121E+03   0.106E+04   0.661E+00   0.972E-01  -0.410E-01   0.451E+00
   712   0.121E+03   0.106E+04   0.659E+00   0.971E-01   0.299E+00   0.758E+00
   713   0.121E+03   0.106E+04   0.658E+00   0.969E-01   0.154E+00   0.749E+00
   714   0.122E+03   0.106E+04   0.658E+00   0.968E-01   0.135E+00   0.711E+00
   715   0.122E+03   0.106E+04   0.657E+00   0.967E-01   0.145E+00   0.527E+00
   716   0.122E+03   0.106E+04   0.658E+00   0.965E-01   0.875E-02   0.353E+00
   717   0.122E+03   0.106E+04   0.657E+00   0.963E-01   0.242E+00   0.275E+00
   718   0.122E+03   0.106E+04   0.658E+00   0.962E-01  -0.127E+00   0.272E+00
   719   0.122E+03   0.106E+04   0.657E+00   0.961E-01   0.673E-01   0.130E+00
   720   0.122E+03   0.106E+04   0.656E+00   0.959E-01   0.868E-01   0.165E+00
   721   0.122E+03   0.106E+04   0.657E+00   0.958E-01   0.481E-01   0.171E-01
   722   0.122E+03   0.106E+04   0.656E+00   0.957E-01   0.184E+00   0.374E+00
   723   0.122E+03   0.106E+04   0.655E+00   0.956E-01   0.971E-01  -0.962E-02
   724   0.122E+03   0.106E+04   0.656E+00   0.954E-01   0.136E+00   0.634E-01
   725   0.123E+03   0.106E+04   0.654E+00   0.953E-01   0.780E-01  -0.540E-01
   726   0.123E+03   0.106E+04   0.653E+00   0.951E-01   0.156E+00   0.194E+00
   727   0.123E+03   0.106E+04   0.652E+00   0.949E-01   0.117E+00   0.258E+00
   728   0.123E+03   0.106E+04   0.652E+00   0.948E-01   0.883E-01   0.722E-01
   729   0.123E+03   0.106E+04   0.652E+00   0.947E-01   0.156E+00   0.253E+00
   730   0.123E+03   0.106E+04   0.650E+00   0.946E-01   0.108E+00   0.265E+00
   731   0.123E+03   0.106E+04   0.651E+00   0.946E-01  -0.666E-01   0.939E-01
   732   0.123E+03   0.106E+04   0.651E+00   0.945E-01  -0.261E+00   0.370E+00
   733   0.123E+03   0.106E+04   0.650E+00   0.945E-01  -0.125E+00   0.504E+00
   734   0.123E+03   0.107E+04   0.650E+00   0.945E-01   0.493E-01   0.556E+00
   735   0.123E+03   0.107E+04   0.649E+00   0.944E-01   0.882E-01   0.447E+00
   736   0.123E+03   0.107E+04   0.648E+00   0.944E-01   0.689E-01   0.645E+00
   737   0.123E+03   0.107E+04   0.647E+00   0.944E-01   0.195E+00   0.506E+00
   738   0.123E+03   0.107E+04   0.647E+00   0.944E-01   0.235E+00   0.426E+00
   739   0.123E+03   0.107E+04   0.646E+00   0.943E-01  -0.274E-01   0.749E+00
   740   0.123E+03   0.107E+04   0.645E+00   0.943E-01   0.697E-01   0.732E+00
   741   0.123E+03   0.107E+04   0.645E+00   0.943E-01   0.115E-01   0.402E+00
   742   0.123E+03   0.107E+04   0.644E+00   0.942E-01   0.212E-01   0.521E+00
   743   0.123E+03   0.107E+04   0.643E+00   0.941E-01   0.213E-01   0.390E+00
   744   0.124E+03   0.107E+04   0.644E+00   0.941E-01   0.505E-01   0.865E-01
   745   0.123E+03   0.107E+04   0.645E+00   0.940E-01  -0.952E-01   0.340E+00
   746   0.123E+03   0.107E+04   0.646E+00   0.939E-01  -0.183E+00   0.241E+00
   747   0.123E+03   0.107E+04   0.646E+00   0.938E-01   0.196E+00   0.415E-01
   748   0.124E+03   0.107E+04   0.645E+00   0.937E-01   0.157E+00   0.410E-01
   749   0.124E+03   0.107E+04   0.645E+00   0.935E-01   0.303E+00  -0.470E-01
   750   0.124E+03   0.107E+04   0.644E+00   0.934E-01   0.362E+00  -0.389E+00
   751   0.125E+03   0.107E+04   0.642E+00   0.933E-01   0.256E+00  -0.377E+00
   752   0.125E+03   0.107E+04   0.643E+00   0.931E-01   0.618E-01  -0.124E+00
   753   0.125E+03   0.107E+04   0.642E+00   0.929E-01   0.159E+00  -0.715E-01
   754   0.125E+03   0.107E+04   0.642E+00   0.928E-01   0.136E-01   0.126E+00
   755   0.125E+03   0.107E+04   0.642E+00   0.927E-01  -0.447E-01   0.729E-03
   756   0.125E+03   0.107E+04   0.642E+00   0.926E-01   0.159E+00  -0.181E+00
   757   0.125E+03   0.107E+04   0.642E+00   0.926E-01   0.121E+00  -0.318E+00
   758   0.125E+03   0.107E+04   0.642E+00   0.925E-01   0.276E+00  -0.197E+00
   759   0.125E+03   0.107E+04   0.643E+00   0.925E-01   0.102E+00  -0.267E+00
   760   0.126E+03   0.107E+04   0.642E+00   0.925E-01   0.131E+00  -0.220E+00
   761   0.126E+03   0.107E+04   0.641E+00   0.925E-01   0.924E-01  -0.392E+00
   762   0.126E+03   0.107E+04   0.640E+00   0.925E-01   0.245E-01  -0.227E+00
   763   0.126E+03   0.107E+04   0.638E+00   0.926E-01   0.440E-01  -0.929E-01
   764   0.126E+03   0.107E+04   0.636E+00   0.926E-01   0.132E+00  -0.179E+00
   765   0.126E+03   0.107E+04   0.636E+00   0.927E-01   0.443E-01  -0.323E+00
   766   0.126E+03   0.107E+04   0.635E+00   0.927E-01   0.929E-01  -0.566E+00
   767   0.126E+03   0.107E+04   0.635E+00   0.927E-01   0.112E+00  -0.530E+00
   768   0.126E+03   0.107E+04   0.635E+00   0.927E-01   0.152E+00  -0.356E+00
   769   0.126E+03   0.107E+04   0.634E+00   0.927E-01   0.142E+00  -0.249E+00
   770   0.127E+03   0.107E+04   0.633E+00   0.928E-01   0.307E+00  -0.274E-01
   771   0.127E+03   0.107E+04   0.632E+00   0.928E-01   0.182E+00  -0.516E-02
   772   0.127E+03   0.107E+04   0.631E+00   0.929E-01   0.250E+00  -0.124E-01
   773   0.127E+03   0.107E+04   0.631E+00   0.929E-01   0.279E+00   0.679E-01
   774   0.127E+03   0.107E+04   0.630E+00   0.930E-01  -0.128E+00   0.133E+00
   775   0.127E+03   0.107E+04   0.630E+00   0.931E-01   0.657E-01   0.517E+00
   776   0.127E+03   0.107E+04   0.630E+00   0.931E-01   0.114E+00   0.671E+00
   777   0.127E+03   0.107E+04   0.629E+00   0.931E-01  -0.798E-01   0.706E+00
   778   0.127E+03   0.107E+04   0.629E+00   0.932E-01   0.173E-01   0.836E+00
   779   0.127E+03   0.107E+04   0.628E+00   0.934E-01   0.562E-01   0.811E+00
   780   0.127E+03   0.107E+04   0.628E+00   0.935E-01   0.368E-01   0.560E+00
   781   0.128E+03   0.107E+04   0.627E+00   0.936E-01   0.260E+00   0.851E+00
   782   0.128E+03   0.107E+04   0.626E+00   0.936E-01   0.805E-02   0.921E+00
   783   0.128E+03   0.107E+04   0.624E+00   0.936E-01  -0.114E-01   0.102E+01
   784   0.128E+03   0.107E+04   0.623E+00   0.936E-01   0.805E-02   0.101E+01
   785   0.128E+03   0.107E+04   0.622E+00   0.936E-01  -0.988E-01   0.102E+01
   786   0.128E+03   0.108E+04   0.620E+00   0.936E-01  -0.698E-01   0.106E+01
   787   0.127E+03   0.108E+04   0.621E+00   0.936E-01  -0.505E-01   0.106E+01
   788   0.128E+03   0.108E+04   0.621E+00   0.935E-01   0.163E+00   0.893E+00
   789   0.128E+03   0.108E+04   0.620E+00   0.933E-01   0.115E+00   0.838E+00
   790   0.128E+03   0.108E+04   0.620E+00   0.931E-01  -0.177E+00   0.732E+00
   791   0.128E+03   0.108E+04   0.620E+00   0.929E-01  -0.115E-01   0.104E+01
   792   0.128E+03   0.108E+04   0.620E+00   0.928E-01   0.163E+00   0.102E+01
   793   0.128E+03   0.108E+04   0.620E+00   0.926E-01  -0.405E-01   0.943E+00
   794   0.128E+03   0.108E+04   0.618E+00   0.924E-01  -0.114E-01   0.100E+01
   795   0.128E+03   0.108E+04   0.618E+00   0.922E-01   0.261E+00   0.778E+00
   796   0.128E+03   0.108E+04   0.618E+00   0.920E-01  -0.332E+00   0.447E+00
   797   0.128E+03   0.108E+04   0.618E+00   0.917E-01  -0.892E-01   0.266E+00
   798   0.128E+03   0.108E+04   0.619E+00   0.915E-01   0.280E+00   0.205E+00
   799   0.128E+03   0.108E+04   0.619E+00   0.912E-01  -0.890E-01  -0.460E-01
   800   0.128E+03   0.108E+04   0.620E+00   0.910E-01   0.154E+00   0.494E-01
   801   0.128E+03   0.108E+04   0.619E+00   0.908E-01   0.763E-01  -0.958E-02
   802   0.128E+03   0.108E+04   0.618E+00   0.906E-01   0.144E+00  -0.272E+00
   803   0.128E+03   0.108E+04   0.619E+00   0.904E-01   0.145E+00  -0.363E+00
   804   0.128E+03   0.108E+04   0.619E+00   0.902E-01   0.768E-01  -0.373E+00
