# step           OCL           OBL   coupled_OBL uncoupled_OBL
     1          0.00          1.34          0.00          1.34
     2         10.93          1.42          0.00          1.42
     3         20.45          0.10          0.00          0.10
     4         23.51          0.03          0.00          0.03
     5         23.82          0.05          0.02          0.03
     6         24.62          0.08          0.03          0.05
     7         24.63          0.08          0.05          0.03
     8         23.73          0.20          0.15          0.05
     9         21.08          0.30          0.27          0.03
    10         19.32          0.61          0.59          0.02
    11         18.25          0.93          0.91          0.02
    12         18.48          1.28          1.27          0.02
    13         17.83          1.72          1.69          0.03
    14         18.20          2.08          2.01          0.07
    15         18.03          2.37          2.27          0.10
    16         16.99          2.68          2.59          0.08
    17         16.58          3.12          3.05          0.07
    18         15.23          3.80          3.68          0.12
    19         15.41          4.33          4.23          0.10
    20         15.96          4.72          4.62          0.10
    21         15.63          5.27          5.19          0.09
    22         13.67          5.74          5.67          0.07
    23         12.51          6.30          6.24          0.07
    24         12.75          6.96          6.90          0.07
    25         12.75          7.89          7.84          0.05
    26         12.54          8.79          8.74          0.05
    27         11.49          9.59          9.54          0.05
    28         11.60         10.67         10.61          0.07
    29         10.78         11.82         11.77          0.05
    30          9.83         13.20         13.08          0.12
    31         10.25         14.43         14.28          0.15
    32          8.84         15.71         15.58          0.14
    33          7.99         16.71         16.66          0.05
    34          8.39         17.75         17.70          0.05
    35          9.15         18.90         18.85          0.05
    36          8.72         19.92         19.84          0.09
    37          7.16         20.85         20.79          0.07
    38          6.09         21.90         21.79          0.10
    39          6.46         23.21         23.07          0.14
    40          6.57         24.15         24.01          0.14
    41          6.44         24.93         24.81          0.12
    42          6.65         25.56         25.43          0.14
    43          5.71         26.09         25.93          0.15
    44          4.88         26.26         26.11          0.15
    45          4.71         26.64         26.47          0.17
    46          4.35         26.75         26.53          0.22
    47          4.13         27.02         26.75          0.28
    48          3.68         26.55         26.26          0.29
    49          3.84         26.77         26.50          0.27
    50          3.65         26.03         25.70          0.33
    51          3.67         25.62         25.31          0.31
    52          3.79         25.48         25.14          0.34
    53          3.27         24.76         24.43          0.33
    54          3.63         24.66         24.28          0.38
    55          4.41         23.95         23.49          0.46
    56          3.62         23.33         22.77          0.56
    57          3.21         22.54         22.03          0.51
    58          4.39         21.77         21.29          0.48
    59          4.27         21.62         21.22          0.39
    60          4.89         20.74         20.30          0.44
    61          4.89         19.84         19.38          0.46
    62          4.70         19.30         18.84          0.46
    63          5.07         18.50         18.11          0.39
    64          5.20         18.00         17.70          0.31
    65          5.23         17.53         17.25          0.27
    66          6.44         16.59         16.29          0.31
    67          7.39         15.74         15.43          0.31
    68          7.10         15.40         15.09          0.31
    69          6.49         15.20         14.90          0.31
    70          7.29         14.66         14.43          0.22
    71          7.44         14.36         14.19          0.17
    72          8.02         13.76         13.57          0.19
    73          8.01         13.54         13.37          0.17
    74          8.77         13.42         13.28          0.14
    75          8.43         13.24         13.07          0.17
    76          8.27         13.05         12.93          0.12
    77          8.63         12.92         12.78          0.14
    78          8.68         12.92         12.73          0.19
    79          8.10         13.14         12.92          0.22
    80          7.94         12.82         12.65          0.17
    81          7.54         12.75         12.59          0.15
    82          7.92         12.84         12.66          0.17
    83          8.18         12.89         12.72          0.17
    84          7.64         12.79         12.67          0.12
    85          7.08         12.96         12.84          0.12
    86          4.79         14.01         13.82          0.19
    87          2.37         15.51         15.23          0.27
    88          0.89         16.66         16.28          0.38
    89          0.50         18.13         17.65          0.48
    90          0.17         19.80         19.25          0.55
    91          0.12         21.23         20.61          0.62
    92          0.00         22.33         21.71          0.62
    93          0.03         23.50         23.04          0.46
    94          0.00         25.09         24.49          0.60
    95          0.00         26.30         25.61          0.68
    96          0.00         27.18         26.53          0.65
    97          0.00         28.12         27.52          0.60
    98          0.00         27.68         27.06          0.62
    99          0.00         28.05         27.28          0.77
   100          0.00         27.88         27.09          0.79
   101          0.00         27.51         26.79          0.72
   102          0.00         26.79         26.15          0.63
   103          0.00         26.39         25.69          0.70
   104          0.00         25.64         24.85          0.78
   105          0.00         24.79         23.79          1.01
   106          0.00         23.63         22.47          1.16
   107          0.00         22.16         20.90          1.26
   108          0.00         20.94         19.41          1.53
   109          0.00         19.37         17.70          1.67
   110          0.00         17.94         16.00          1.94
   111          0.00         15.89         14.14          1.75
   112          0.00         14.68         12.87          1.82
   113          0.00         13.79         11.96          1.83
   114          0.00         12.29         10.51          1.78
   115          0.00         11.75          9.61          2.14
   116          0.00         10.63          8.43          2.21
   117          0.00          9.80          7.71          2.09
   118          0.00          8.59          6.43          2.16
   119          0.00          7.57          5.40          2.17
   120          0.00          6.94          4.77          2.17
   121          0.00          6.56          4.04          2.53
   122          0.00          6.07          3.63          2.44
   123          0.00          5.97          3.24          2.73
   124          0.00          6.07          3.26          2.82
   125          0.00          5.38          2.76          2.61
   126          0.00          5.02          2.56          2.46
   127          0.00          5.05          2.39          2.66
   128          0.00          4.87          2.22          2.64
   129          0.00          4.39          2.05          2.34
   130          0.00          4.44          1.78          2.66
   131          0.00          4.51          1.73          2.78
   132          0.00          4.27          1.54          2.73
   133          0.00          4.36          1.19          3.17
   134          0.00          3.99          1.12          2.87
   135          0.00          3.93          1.09          2.85
   136          0.00          3.76          1.07          2.70
   137          0.00          3.65          1.15          2.49
   138          0.02          3.54          1.03          2.51
   139          0.19          3.26          0.92          2.34
   140          0.17          3.31          0.93          2.37
   141          0.08          3.10          0.81          2.29
   142          0.00          3.27          0.78          2.49
   143          0.00          3.24          0.90          2.34
   144          0.00          2.90          0.63          2.27
   145          0.08          3.10          0.51          2.59
   146          0.08          3.27          0.53          2.75
   147          0.08          3.24          0.53          2.71
   148          0.08          3.08          0.64          2.44
   149          0.08          2.76          0.61          2.15
   150          0.14          3.08          0.71          2.37
   151          0.14          2.97          0.56          2.41
   152          0.25          3.24          0.51          2.73
   153          0.20          2.98          0.42          2.56
   154          0.14          2.56          0.39          2.17
   155          0.10          3.03          0.47          2.56
   156          0.19          3.29          0.53          2.76
   157          0.25          2.80          0.32          2.48
   158          0.24          2.46          0.17          2.29
   159          0.24          2.76          0.31          2.46
   160          0.20          2.93          0.31          2.63
   161          0.34          2.83          0.27          2.56
   162          0.30          2.98          0.29          2.69
   163          0.29          3.05          0.37          2.68
   164          0.42          2.91          0.47          2.44
   165          0.39          3.05          0.49          2.56
   166          0.14          2.95          0.49          2.46
   167          0.15          2.79          0.49          2.30
   168          0.29          2.98          0.51          2.47
   169          0.32          2.84          0.54          2.30
   170          0.30          2.81          0.42          2.39
   171          0.17          2.86          0.39          2.47
   172          0.07          2.73          0.39          2.34
   173          0.34          2.78          0.44          2.34
   174          0.49          2.86          0.42          2.44
   175          0.56          2.78          0.42          2.35
   176          0.66          2.49          0.42          2.07
   177          0.66          2.51          0.42          2.08
   178          0.69          2.66          0.49          2.17
   179          0.51          2.66          0.49          2.17
   180          0.47          2.71          0.42          2.28
   181          0.61          2.86          0.49          2.37
   182          0.58          2.78          0.58          2.20
   183          0.63          2.71          0.64          2.07
   184          0.46          2.52          0.61          1.91
   185          0.46          2.78          0.64          2.13
   186          0.54          2.89          0.66          2.23
   187          0.66          3.20          0.80          2.40
   188          0.69          3.22          0.85          2.37
   189          0.86          2.96          0.81          2.15
   190          0.76          3.03          0.80          2.23
   191          0.64          3.05          0.83          2.22
   192          0.63          2.74          0.78          1.96
   193          0.56          2.66          0.80          1.86
   194          0.73          2.88          0.91          1.96
   195          0.78          2.99          1.12          1.88
   196          0.90          3.03          1.25          1.78
   197          1.15          3.08          1.35          1.73
   198          1.07          3.28          1.32          1.96
   199          1.29          3.32          1.18          2.13
   200          1.29          3.28          1.17          2.12
   201          1.15          3.45          1.27          2.18
   202          0.91          3.23          1.17          2.06
   203          0.91          3.27          1.24          2.03
   204          0.98          3.67          1.37          2.30
   205          1.02          3.96          1.42          2.54
   206          1.10          3.76          1.32          2.44
   207          1.08          3.37          1.24          2.13
   208          1.13          3.13          1.17          1.96
   209          0.68          3.51          1.27          2.24
   210          0.95          3.81          1.46          2.35
   211          0.93          3.71          1.53          2.19
   212          0.98          3.53          1.66          1.87
   213          1.14          3.34          1.64          1.70
   214          0.90          3.41          1.63          1.78
   215          0.80          3.61          1.81          1.80
   216          0.93          3.78          2.10          1.68
   217          1.22          3.87          2.26          1.61
   218          1.29          4.10          2.19          1.92
   219          1.19          4.04          2.07          1.97
   220          1.20          3.92          2.02          1.90
   221          1.22          4.20          2.25          1.95
   222          1.19          4.46          2.56          1.90
   223          1.27          4.48          2.54          1.93
   224          1.61          4.43          2.44          1.98
   225          1.59          4.14          2.27          1.87
   226          1.32          3.72          2.05          1.66
   227          1.32          3.90          2.29          1.61
   228          1.46          3.92          2.14          1.78
   229          1.51          3.92          2.15          1.76
   230          1.39          3.87          2.22          1.64
   231          1.36          4.27          2.34          1.93
   232          1.14          4.10          2.31          1.80
   233          1.27          3.95          2.58          1.37
   234          1.32          4.24          2.85          1.39
   235          1.76          4.36          2.83          1.53
   236          1.71          4.39          2.81          1.58
   237          1.43          4.16          2.73          1.43
   238          1.65          4.09          2.63          1.46
   239          1.82          4.34          2.78          1.56
   240          1.49          4.62          2.97          1.65
   241          1.55          4.96          3.31          1.65
   242          1.70          4.96          3.29          1.66
   243          1.78          4.87          3.28          1.60
   244          2.19          4.55          3.22          1.32
   245          1.97          4.63          3.24          1.39
   246          1.51          5.09          3.60          1.49
   247          1.60          5.02          3.58          1.44
   248          1.68          5.01          3.72          1.29
   249          1.78          4.91          3.52          1.39
   250          1.58          4.94          3.50          1.44
   251          1.36          5.35          3.75          1.60
   252          1.89          5.13          3.77          1.36
   253          2.06          4.99          3.86          1.14
   254          2.19          5.23          3.91          1.32
   255          1.90          5.15          3.82          1.32
   256          1.89          5.57          4.13          1.44
   257          1.61          5.95          4.47          1.48
   258          1.53          5.83          4.35          1.48
   259          1.49          5.78          4.38          1.39
   260          1.89          5.98          4.64          1.34
   261          1.85          6.41          4.94          1.46
   262          1.65          6.46          5.17          1.29
   263          2.14          5.92          4.88          1.04
   264          2.31          5.95          4.63          1.33
   265          1.85          6.50          4.87          1.63
   266          1.26          7.30          5.34          1.96
   267          0.61          7.62          5.46          2.16
   268          0.34          8.06          5.60          2.47
   269          0.09          8.20          5.66          2.53
   270          0.03          7.74          5.46          2.28
   271          0.00          7.45          5.24          2.21
   272          0.00          7.70          5.49          2.21
   273          0.00          7.88          5.67          2.21
   274          0.00          7.76          5.54          2.22
   275          0.00          7.61          5.25          2.36
   276          0.00          7.39          5.09          2.29
   277          0.00          7.27          4.92          2.34
   278          0.00          6.94          4.84          2.11
   279          0.00          6.93          4.72          2.21
   280          0.00          6.84          4.72          2.12
   281          0.00          6.53          4.53          2.00
   282          0.00          6.80          4.28          2.53
   283          0.00          6.48          3.94          2.54
   284          0.00          5.90          3.51          2.39
   285          0.00          6.02          3.51          2.51
   286          0.00          5.50          3.14          2.36
   287          0.00          5.14          2.89          2.26
   288          0.00          5.01          2.60          2.41
   289          0.00          5.16          2.36          2.80
   290          0.00          4.96          2.24          2.72
   291          0.00          4.48          2.06          2.43
   292          0.00          4.47          2.02          2.45
   293          0.00          4.26          1.85          2.41
   294          0.00          3.60          1.39          2.21
   295          0.00          3.43          1.21          2.23
   296          0.00          3.70          1.44          2.26
   297          0.00          3.69          1.27          2.41
   298          0.00          3.26          0.88          2.38
   299          0.00          3.72          0.87          2.85
   300          0.00          3.86          0.85          3.01
   301          0.00          3.31          0.82          2.50
   302          0.00          2.80          0.56          2.24
   303          0.00          3.11          0.49          2.62
   304          0.00          3.28          0.51          2.77
   305          0.00          3.18          0.48          2.70
   306          0.00          3.18          0.49          2.68
   307          0.00          2.80          0.42          2.38
   308          0.00          3.14          0.58          2.56
   309          0.00          3.14          0.51          2.63
   310          0.00          3.11          0.39          2.72
   311          0.00          2.99          0.39          2.60
   312          0.00          3.07          0.29          2.78
   313          0.00          3.23          0.31          2.92
   314          0.00          2.87          0.36          2.51
   315          0.00          2.83          0.27          2.56
   316          0.00          2.97          0.32          2.65
   317          0.00          2.87          0.29          2.58
   318          0.00          2.95          0.22          2.73
   319          0.00          2.99          0.25          2.73
   320          0.00          2.65          0.34          2.31
   321          0.00          2.67          0.32          2.34
   322          0.00          2.65          0.17          2.48
   323          0.00          2.73          0.10          2.63
   324          0.00          2.80          0.17          2.63
   325          0.00          2.73          0.20          2.53
   326          0.00          3.04          0.22          2.82
   327          0.00          2.84          0.22          2.62
   328          0.00          2.70          0.15          2.55
   329          0.00          2.62          0.17          2.45
   330          0.00          2.63          0.19          2.45
   331          0.00          2.51          0.19          2.33
   332          0.00          2.45          0.12          2.33
   333          0.00          2.72          0.12          2.60
   334          0.00          2.53          0.14          2.39
   335          0.00          2.65          0.08          2.56
   336          0.07          2.73          0.08          2.65
   337          0.07          2.55          0.07          2.48
   338          0.07          2.77          0.10          2.66
   339          0.00          2.76          0.14          2.63
   340          0.00          2.39          0.14          2.26
   341          0.00          2.26          0.07          2.19
   342          0.00          2.43          0.05          2.37
   343          0.00          2.48          0.10          2.37
   344          0.00          2.80          0.10          2.70
   345          0.00          3.04          0.08          2.95
   346          0.00          2.67          0.03          2.63
   347          0.05          2.46          0.08          2.38
   348          0.05          2.65          0.08          2.56
   349          0.00          2.63          0.02          2.62
   350          0.00          2.48          0.00          2.48
   351          0.00          2.43          0.05          2.38
   352          0.00          2.53          0.12          2.41
   353          0.08          2.31          0.10          2.21
   354          0.08          2.43          0.07          2.36
   355          0.07          2.56          0.08          2.48
   356          0.12          2.43          0.05          2.38
   357          0.12          2.26          0.08          2.17
   358          0.07          2.19          0.10          2.09
   359          0.07          2.51          0.05          2.46
   360          0.07          2.57          0.05          2.51
   361          0.07          2.60          0.08          2.51
   362          0.15          2.55          0.08          2.46
   363          0.20          2.17          0.02          2.16
   364          0.07          2.29          0.07          2.22
   365          0.07          2.67          0.10          2.56
   366          0.07          2.60          0.12          2.48
   367          0.14          2.46          0.14          2.33
   368          0.14          2.46          0.17          2.29
   369          0.24          2.48          0.15          2.33
   370          0.17          2.45          0.14          2.31
   371          0.00          2.41          0.12          2.29
   372          0.25          2.29          0.12          2.17
   373          0.34          2.46          0.12          2.35
   374          0.29          2.53          0.15          2.38
   375          0.25          2.50          0.15          2.34
   376          0.20          2.63          0.08          2.55
   377          0.24          2.57          0.12          2.45
   378          0.20          2.45          0.20          2.24
   379          0.48          2.40          0.22          2.18
   380          0.43          2.58          0.22          2.36
   381          0.54          2.36          0.17          2.19
   382          0.34          2.50          0.22          2.28
   383          0.36          2.52          0.24          2.28
   384          0.41          2.60          0.24          2.36
   385          0.34          2.84          0.32          2.52
   386          0.26          2.81          0.36          2.45
   387          0.26          2.70          0.39          2.31
   388          0.34          2.50          0.32          2.18
   389          0.32          2.79          0.39          2.40
   390          0.32          2.81          0.44          2.36
   391          0.39          2.64          0.48          2.16
   392          0.54          2.74          0.49          2.24
   393          0.61          2.70          0.48          2.23
   394          0.68          2.53          0.54          1.99
   395          0.78          2.48          0.61          1.87
   396          0.71          2.53          0.58          1.96
   397          0.83          2.67          0.68          1.99
   398          1.00          2.81          0.71          2.09
   399          1.31          2.77          0.82          1.96
   400          1.16          2.96          0.70          2.26
   401          1.16          3.04          0.61          2.43
   402          0.85          2.88          0.70          2.18
   403          0.85          2.89          0.70          2.19
   404          0.83          2.74          0.77          1.97
   405          0.87          2.75          0.83          1.92
   406          0.70          2.74          0.92          1.82
   407          0.42          2.82          0.92          1.90
   408          0.63          3.03          1.04          1.99
   409          0.68          3.08          1.17          1.90
   410          0.44          3.38          1.31          2.07
   411          0.56          3.47          1.36          2.11
   412          0.83          3.45          1.58          1.87
   413          1.00          3.45          1.48          1.97
   414          1.00          3.49          1.55          1.94
   415          1.17          3.40          1.62          1.79
   416          1.26          3.37          1.63          1.74
   417          0.90          3.52          1.65          1.87
   418          1.02          3.20          1.60          1.60
   419          1.41          3.21          1.68          1.53
   420          1.34          3.60          1.84          1.77
   421          0.90          3.65          1.90          1.75
   422          0.77          3.72          1.92          1.80
   423          1.07          4.18          2.14          2.04
   424          0.92          4.06          2.24          1.82
   425          0.95          4.15          2.38          1.77
   426          1.07          4.33          2.52          1.82
   427          1.05          4.15          2.43          1.72
   428          1.12          4.30          2.38          1.92
   429          1.29          4.29          2.43          1.85
   430          1.28          4.02          2.42          1.60
   431          1.45          4.24          2.54          1.70
   432          0.92          3.98          2.28          1.70
   433          1.09          3.66          2.19          1.46
   434          1.33          3.50          2.11          1.40
   435          1.43          3.62          2.19          1.43
   436          1.29          4.02          2.25          1.77
   437          1.68          4.53          2.28          2.25
   438          1.77          4.43          2.26          2.16
   439          1.51          4.25          2.47          1.79
   440          1.51          4.12          2.57          1.55
   441          1.70          4.18          2.64          1.55
   442          1.63          3.74          2.50          1.24
   443          1.58          3.74          2.41          1.33
   444          1.85          4.06          2.60          1.46
   445          1.94          4.29          2.77          1.51
   446          1.75          4.37          2.86          1.51
   447          1.45          4.51          3.06          1.45
   448          1.46          4.65          3.11          1.53
   449          1.80          4.88          3.37          1.51
   450          1.99          5.00          3.42          1.58
   451          1.86          4.61          3.20          1.41
   452          1.82          4.85          3.32          1.53
   453          1.84          4.82          3.27          1.55
   454          1.65          4.83          3.40          1.43
   455          2.55          4.97          3.58          1.40
   456          2.42          5.20          3.70          1.50
   457          2.20          5.07          3.75          1.33
   458          2.23          5.29          3.98          1.31
   459          1.94          5.46          4.05          1.41
   460          2.15          5.47          4.09          1.38
   461          2.30          5.64          4.39          1.24
   462          1.87          5.62          4.26          1.36
   463          1.99          5.51          4.01          1.50
   464          1.79          5.43          4.09          1.33
   465          1.67          5.77          4.38          1.38
   466          1.50          5.68          4.38          1.30
   467          2.01          5.31          4.20          1.11
   468          2.47          5.27          4.07          1.19
   469          2.69          5.39          4.13          1.26
   470          2.66          5.59          4.37          1.23
   471          2.40          5.61          4.35          1.26
   472          2.42          5.77          4.37          1.40
   473          2.47          6.02          4.54          1.48
   474          2.15          6.06          4.73          1.33
   475          2.03          6.01          4.90          1.11
   476          2.60          6.40          5.17          1.23
   477          3.16          6.27          5.16          1.11
   478          2.55          6.22          5.11          1.11
   479          2.43          6.22          5.09          1.13
   480          2.96          6.57          5.37          1.20
   481          2.58          6.76          5.63          1.13
   482          2.60          6.43          5.47          0.96
   483          2.15          6.90          5.88          1.03
   484          2.39          7.29          6.15          1.14
   485          2.49          7.68          6.44          1.25
   486          2.77          7.53          6.23          1.30
   487          2.41          7.82          6.54          1.28
   488          2.12          7.80          6.64          1.16
   489          2.03          7.83          6.71          1.13
   490          2.78          7.68          6.62          1.06
   491          3.08          7.91          7.01          0.91
   492          2.91          8.03          7.23          0.80
   493          2.48          8.32          7.43          0.89
   494          2.46          8.22          7.42          0.80
   495          2.34          8.41          7.44          0.97
   496          1.88          8.96          7.90          1.06
   497          1.90          8.80          8.00          0.80
   498          2.29          9.01          8.04          0.97
   499          2.31          8.88          7.79          1.09
   500          2.61          9.14          7.96          1.18
   501          2.89          8.76          7.64          1.13
   502          2.97          8.44          7.55          0.89
   503          3.04          8.54          7.73          0.80
   504          2.54          8.81          8.04          0.77
   505          2.89          8.95          8.04          0.90
   506          2.49          9.12          8.23          0.89
   507          2.85          9.38          8.45          0.92
   508          2.87          9.23          8.51          0.72
   509          2.32          9.35          8.56          0.79
   510          2.73          9.29          8.45          0.84
   511          2.65          9.32          8.47          0.85
   512          2.17          9.03          8.28          0.75
   513          2.53          9.02          8.25          0.77
   514          3.09          9.47          8.66          0.80
   515          3.14          9.58          8.73          0.85
   516          2.75          9.67          8.77          0.91
   517          3.01          9.56          8.59          0.97
   518          2.62          9.46          8.45          1.01
   519          2.60          9.31          8.31          0.99
   520          3.39          9.18          8.26          0.92
   521          3.52          9.30          8.43          0.87
   522          2.89          9.53          8.69          0.84
   523          2.91          9.36          8.50          0.86
   524          3.64          9.18          8.38          0.80
   525          3.61          9.44          8.64          0.80
   526          3.81          9.29          8.48          0.80
   527          3.79          9.28          8.63          0.65
   528          3.55          9.33          8.71          0.62
   529          3.72          9.38          8.82          0.56
   530          3.98          9.74          9.07          0.67
   531          3.77          9.94          9.26          0.68
   532          3.36         10.08          9.33          0.75
   533          3.60         10.29          9.57          0.72
   534          3.14         10.20          9.53          0.67
   535          3.51         10.32          9.60          0.72
   536          2.95         10.49          9.84          0.65
   537          3.14         11.02         10.20          0.82
   538          2.99         10.70          9.91          0.78
   539          3.00         10.85         10.08          0.77
   540          2.66         10.14          9.58          0.56
   541          3.21         10.10          9.57          0.53
   542          3.65         10.15          9.55          0.60
   543          3.63         10.25          9.62          0.63
   544          3.34         10.25          9.70          0.55
   545          3.72         10.62         10.04          0.58
   546          3.31         11.00         10.35          0.65
   547          3.19         11.40         10.65          0.75
   548          2.88         11.47         10.60          0.87
   549          3.14         11.17         10.40          0.77
   550          3.29         11.30         10.72          0.58
   551          3.52         11.52         10.91          0.61
   552          3.48         11.47         10.81          0.67
   553          3.04         11.39         10.74          0.65
   554          3.18         11.51         10.84          0.67
   555          3.64         11.50         10.80          0.70
   556          3.65         11.61         10.88          0.73
   557          4.00         11.76         11.15          0.62
   558          4.09         11.71         11.19          0.51
   559          4.47         11.55         11.04          0.51
   560          4.11         11.67         11.07          0.60
   561          3.94         11.87         11.31          0.57
   562          4.04         12.39         11.80          0.58
   563          4.04         12.61         11.97          0.63
   564          3.58         12.67         11.99          0.69
   565          3.45         12.84         12.29          0.55
   566          3.99         12.63         12.02          0.62
   567          4.02         12.63         11.98          0.65
   568          3.89         12.71         12.02          0.69
   569          3.91         13.12         12.33          0.79
   570          3.86         13.24         12.35          0.89
   571          2.90         13.04         12.32          0.72
   572          3.00         12.81         12.21          0.60
   573          3.40         12.69         12.24          0.45
   574          3.52         13.20         12.64          0.57
   575          3.84         13.49         12.94          0.55
   576          3.60         13.46         12.93          0.53
   577          3.07         13.39         12.95          0.45
   578          3.31         13.36         12.90          0.46
   579          3.30         13.22         12.81          0.41
   580          3.39         12.91         12.49          0.43
   581          4.01         13.24         12.76          0.48
   582          4.33         13.28         12.79          0.50
   583          4.57         12.95         12.35          0.60
   584          4.35         12.93         12.32          0.62
   585          3.73         12.91         12.37          0.55
   586          3.39         12.59         12.11          0.48
   587          3.25         12.66         12.23          0.43
   588          3.15         12.56         12.17          0.39
   589          3.40         12.59         12.18          0.41
   590          3.30         12.47         12.00          0.46
   591          3.88         12.30         11.89          0.41
   592          4.29         11.94         11.61          0.32
   593          4.46         12.10         11.74          0.36
   594          4.47         12.18         11.82          0.36
   595          4.32         12.32         11.92          0.39
   596          4.68         12.44         11.98          0.46
   597          4.05         12.30         11.86          0.44
   598          4.10         12.33         11.99          0.34
   599          4.67         12.38         12.07          0.31
   600          5.18         12.43         12.10          0.32
   601          4.20         12.44         11.99          0.44
   602          4.46         12.35         11.84          0.51
   603          5.06         12.51         12.00          0.51
   604          4.75         12.84         12.31          0.53
   605          5.09         12.84         12.41          0.43
   606          4.43         12.79         12.43          0.36
   607          4.31         12.70         12.27          0.43
   608          4.57         12.22         11.62          0.60
   609          5.06         11.92         11.37          0.55
   610          5.40         12.11         11.61          0.50
   611          5.79         12.55         12.07          0.48
   612          6.42         12.41         11.86          0.55
   613          6.49         12.31         11.78          0.53
   614          5.96         12.67         12.29          0.38
   615          5.05         12.83         12.42          0.41
   616          4.98         13.30         12.88          0.43
   617          4.38         13.43         13.00          0.43
   618          4.75         13.72         13.32          0.39
   619          4.77         14.21         13.72          0.50
   620          4.47         14.49         13.99          0.50
   621          4.04         14.86         14.38          0.48
   622          3.64         15.16         14.73          0.43
   623          4.05         15.63         15.25          0.38
   624          4.02         15.64         15.25          0.39
   625          4.43         15.54         15.11          0.43
   626          4.81         15.94         15.43          0.51
   627          4.56         16.02         15.56          0.46
   628          4.12         16.35         15.97          0.38
   629          3.88         16.39         16.03          0.36
   630          3.25         16.66         16.23          0.43
   631          2.78         17.17         16.69          0.48
   632          3.25         16.73         16.23          0.50
   633          3.48         16.59         16.16          0.43
   634          4.13         16.71         16.32          0.39
   635          3.95         16.37         15.98          0.39
   636          3.50         16.40         15.91          0.50
   637          3.88         16.21         15.66          0.55
   638          4.24         16.63         16.05          0.58
   639          4.41         16.56         16.06          0.50
   640          3.81         16.53         16.07          0.46
   641          4.43         16.30         15.93          0.38
   642          5.14         15.86         15.55          0.31
   643          4.94         16.05         15.67          0.38
   644          4.07         16.46         16.03          0.43
   645          4.16         16.35         15.84          0.51
   646          4.60         15.84         15.40          0.44
   647          4.43         15.47         15.06          0.41
   648          4.19         14.94         14.42          0.51
   649          4.57         14.82         14.29          0.53
   650          4.81         14.67         14.20          0.48
   651          5.10         14.60         14.18          0.43
   652          5.16         14.14         13.83          0.31
   653          5.03         14.07         13.76          0.31
   654          5.30         13.85         13.49          0.36
   655          6.16         13.51         13.18          0.33
   656          6.23         13.70         13.31          0.39
   657          6.14         13.62         13.26          0.36
   658          5.71         13.58         13.17          0.41
   659          5.37         13.99         13.56          0.43
   660          5.22         14.04         13.63          0.41
   661          6.20         14.18         13.80          0.38
   662          4.93         13.94         13.65          0.29
   663          4.63         14.10         13.74          0.36
   664          5.44         14.30         13.94          0.36
   665          5.76         14.51         14.19          0.33
   666          5.95         14.43         14.11          0.33
   667          6.28         14.39         13.99          0.39
   668          6.24         14.63         14.21          0.41
   669          5.69         14.85         14.50          0.34
   670          5.82         15.32         14.92          0.39
   671          5.38         15.34         14.98          0.36
   672          5.45         15.63         15.27          0.36
   673          5.54         15.75         15.41          0.34
   674          5.51         15.45         15.15          0.31
   675          6.00         15.54         15.23          0.31
   676          5.81         16.32         15.96          0.36
   677          5.43         16.33         16.04          0.29
   678          5.29         16.38         16.04          0.34
   679          4.93         16.49         16.15          0.34
   680          4.64         16.63         16.30          0.33
   681          3.89         16.78         16.46          0.33
   682          4.35         16.98         16.64          0.34
   683          4.53         16.80         16.48          0.33
   684          4.78         17.16         16.75          0.41
   685          5.09         17.37         16.92          0.45
   686          5.39         17.50         17.10          0.39
   687          5.48         17.33         16.95          0.38
   688          4.73         17.19         16.78          0.41
   689          4.47         16.96         16.59          0.38
   690          4.56         16.86         16.57          0.29
   691          4.46         17.52         17.25          0.27
   692          4.82         17.46         17.22          0.24
   693          5.24         17.60         17.39          0.21
   694          5.27         17.40         17.19          0.21
   695          4.93         17.50         17.26          0.24
   696          4.52         17.31         17.17          0.14
   697          4.62         17.41         17.30          0.10
   698          4.79         17.43         17.25          0.19
   699          4.66         17.17         16.92          0.26
   700          5.17         16.83         16.59          0.24
   701          5.40         16.24         15.96          0.27
   702          5.45         15.76         15.50          0.26
   703          4.69         15.75         15.45          0.29
   704          4.96         15.57         15.30          0.27
   705          5.73         15.53         15.30          0.22
   706          5.41         14.75         14.51          0.24
   707          5.70         14.54         14.34          0.21
   708          5.65         14.12         13.89          0.22
   709          6.28         13.90         13.66          0.24
   710          6.40         13.80         13.54          0.26
   711          5.75         14.11         13.88          0.22
   712          5.76         14.08         13.91          0.17
   713          6.39         14.07         13.95          0.12
   714          6.88         13.93         13.74          0.19
   715          6.95         14.08         13.86          0.22
   716          7.35         13.97         13.78          0.19
   717          6.36         13.79         13.55          0.24
   718          5.62         13.95         13.71          0.24
   719          6.12         13.86         13.63          0.22
   720          6.67         13.56         13.33          0.22
   721          6.94         13.52         13.23          0.29
   722          6.86         13.90         13.58          0.33
   723          6.72         14.20         13.85          0.34
   724          5.85         14.54         14.20          0.34
   725          5.54         14.59         14.23          0.36
   726          6.62         14.72         14.45          0.27
   727          6.50         14.93         14.74          0.19
   728          6.33         14.78         14.61          0.17
   729          5.69         14.99         14.82          0.17
   730          5.52         15.40         15.23          0.17
   731          7.29         15.62         15.45          0.17
   732          6.36         15.83         15.56          0.28
   733          5.93         16.19         15.92          0.28
   734          5.88         16.60         16.38          0.22
   735          6.07         17.36         17.14          0.22
   736          6.28         17.35         17.12          0.22
   737          5.35         17.55         17.31          0.24
   738          5.02         17.56         17.31          0.24
   739          4.92         17.30         17.18          0.12
   740          5.11         17.25         17.13          0.12
   741          5.73         17.66         17.47          0.19
   742          5.20         18.00         17.86          0.14
   743          4.70         18.60         18.39          0.21
   744          4.77         18.96         18.63          0.33
   745          5.08         19.21         18.79          0.41
   746          4.70         19.23         18.84          0.40
   747          5.00         18.94         18.56          0.38
   748          5.55         18.83         18.52          0.31
   749          5.25         18.26         17.95          0.31
   750          4.70         18.19         17.90          0.29
   751          4.67         18.46         18.13          0.33
   752          5.42         18.70         18.40          0.29
   753          5.44         18.16         17.89          0.28
   754          4.14         17.51         17.32          0.19
   755          5.75         17.10         16.91          0.19
   756          7.04         17.15         16.99          0.15
   757          6.58         17.51         17.25          0.26
   758          6.36         16.92         16.67          0.26
   759          7.10         17.05         16.77          0.28
   760          6.52         16.87         16.62          0.26
   761          5.95         16.72         16.45          0.28
   762          5.76         16.40         16.16          0.24
   763          5.76         16.07         15.72          0.34
   764          6.26         16.09         15.76          0.33
   765          5.96         15.73         15.49          0.24
   766          5.97         15.72         15.43          0.29
   767          5.55         15.91         15.60          0.31
   768          6.37         15.70         15.42          0.28
   769          5.71         15.68         15.44          0.24
   770          5.90         15.59         15.33          0.26
   771          6.36         15.47         15.27          0.21
   772          6.67         15.54         15.41          0.14
   773          7.98         15.44         15.24          0.21
   774          7.63         14.85         14.63          0.22
   775          6.94         14.75         14.48          0.27
   776          7.30         14.53         14.20          0.33
   777          7.13         14.06         13.79          0.27
   778          6.44         14.18         13.97          0.21
   779          6.48         14.55         14.43          0.12
   780          6.63         14.88         14.80          0.09
   781          7.43         15.21         15.09          0.12
   782          6.85         15.51         15.32          0.19
   783          7.13         15.71         15.52          0.19
   784          7.93         16.03         15.80          0.22
   785          8.08         16.07         15.81          0.26
   786          6.70         15.92         15.62          0.29
   787          5.94         16.02         15.78          0.24
   788          6.56         16.26         16.00          0.26
   789          7.04         16.06         15.87          0.19
   790          6.13         16.48         16.31          0.17
   791          6.58         16.40         16.13          0.27
   792          6.15         16.63         16.32          0.31
   793          6.63         16.87         16.54          0.33
   794          6.96         17.18         16.97          0.21
   795          6.22         17.11         17.00          0.10
   796          5.85         17.27         17.15          0.12
   797          6.26         17.30         17.14          0.15
   798          5.80         17.83         17.60          0.22
   799          6.16         18.03         17.75          0.28
   800          6.25         18.43         18.22          0.21
   801          6.72         18.06         17.88          0.17
   802          5.71         17.72         17.58          0.14
   803          5.54         17.50         17.26          0.24
   804          5.08         17.75         17.56          0.19
